"adjusted" "studio" "release_year" "genre" "mpaa" "theater" "rating" "runt" "per" "sh" "shb" "series" "rn" "to_rating" "bb" "adjusted.1" "adbudget" "adow" "dir_win" "dir_nomi" "st1_win" "st1_nomi" "st2_win" "st2_nomi" "genre1"
"1" 882.18 "Fox" 2009 "Sci-Fi Adventure" "PG-13" 3461 7.9 160 "hs" 0 0 0 293 72 NA 882.18 NA 89.32 65 54 6 14 12 46 "Sci-Fi"
"2" 1248.52 "Par." 1997 "Romance" "PG-13" NA 7.7 194 "hs" 0 0 0 178 77 3.29 1248.52 379.08 NA 65 54 85 195 80 144 "Romance"
"3" 953.28 "BV" 2015 "Sci-Fi Fantasy" "PG-13" NA 8.4 136 "hs" 0 0 1 342 81 4.62 953.28 206.41 NA 18 41 32 36 11 13 "Sci-Fi"
"4" 673.19 "Uni." 2015 "Sci-Fi Horror" "PG-13" NA 7.1 124 "ss" 0 0 0 NA NA 4.35 673.19 154.8 NA 0 9 10 25 14 23 "Sci-Fi"
"5" 681.35 "BV" 2012 "AA" "PG-13" 4349 8.1 142 "ns" 1 1 0 314 81 2.83 681.35 240.45 226.68 20 39 33 91 4 26 "AA"
"6" 364.31 "Uni." 2015 "Action" "PG-13" 4022 7.3 137 "ns" 0 0 1 NA NA 1.86 364.31 196.09 NA 10 8 7 26 7 11 "Action"
"7" 473.7 "BV" 2015 "AA" "PG-13" 4276 7.6 141 "ns" 1 1 1 NA NA 1.84 473.7 258.01 197.43 20 39 33 91 9 21 "AA"
"8" 417.99 "WB" 2011 "Fantasy" "PG-13" 4375 8.1 130 "ss" 0 0 1 308 85 NA 417.99 NA 185.63 14 15 32 90 18 16 "Fantasy"
"9" 428.79 "BV" 2013 "Animation" "PG" NA 7.6 108 "hs" 0 0 0 129 77 2.67 428.79 160.52 NA 9 10 11 30 6 14 "Animation"
"10" 437.68 "BV" 2013 "AA" "PG-13" 4253 7.3 129 "ns" 5 1 1 284 67 2.04 437.68 214.02 186.31 3 7 33 91 23 48 "AA"
"11" 346.76 "Uni." 2015 "Animation" "PG" NA 6.5 91 "ss" 0 0 0 NA NA 4.54 346.76 76.37 NA 0 1 72 102 19 76 "Animation"
"12" 386.62 "P/DW" 2011 "Sci-Fi Action" "PG-13" 4088 6.3 154 "ss" 0 0 1 NA NA 1.81 386.62 213.93 107.41 7 10 11 38 1 3 "Sci-Fi"
"13" 545.08 "NL" 2003 "Fantasy" "PG-13" NA 8.9 200 "hs" 0 0 1 262 84 4.02 545.08 135.62 NA 129 120 1 0 NA NA "Fantasy"
"14" 332.7 "Sony" 2012 "Action" "PG-13" 3526 7.8 143 "ns" 0 0 0 341 82 1.52 332.7 218.59 96.62 39 25 13 27 59 162 "Action"
"15" 261.32 "Par." 2014 "Sci-Fi Action" "PG-13" 4233 5.7 165 "ss" 0 0 1 NA NA 1.17 261.32 223.62 106.49 7 10 20 60 25 47 "Sci-Fi"
"16" 489.76 "WB" 2012 "Action Thriller" "PG-13" 4404 8.5 165 "ss" 2 1 0 328 76 1.79 489.76 273.24 175.86 121 160 64 76 24 44 "Action"
"17" 562.25 "BV" 2006 "Period Adventure" "PG-13" 4133 7.3 151 "ss" 0 0 1 NA NA 1.88 562.25 298.85 180.11 7 10 65 115 24 25 "Period"
"18" 457.6 "BV" 2010 "Animation" "G" 4028 8.4 103 "ss" 0 0 1 287 88 2.08 457.6 220.53 121.62 14 23 76 115 23 32 "Animation"
"19" 264.51 "BV" 2011 "Period Adventure" "PG-13" 4164 6.7 137 "ss" 0 0 1 NA NA 0.96 264.51 274.27 98.96 14 21 65 115 49 92 "Period"
"20" 845.83 "Uni." 1993 "Sci-Fi Horror" "PG-13" 2566 8.1 127 "ss" 0 0 0 116 82 6.39 845.83 132.39 NA 175 168 3 25 12 42 "Sci-Fi"
"21" 812.63 "Fox" 1999 "Sci-Fi Fantasy" "PG" 3126 6.5 133 "ns" 0 0 1 212 44 4.13 812.63 196.95 110.98 40 31 15 35 24 38 "Sci-Fi"
"22" 368.51 "BV" 2010 "Family Adventure" "PG" 3739 6.5 109 "ns" 0 0 0 NA NA 1.67 368.51 220.53 128.02 20 58 65 115 6 39 "Family"
"23" 331.17 "WB (NL)" 2012 "Fantasy" "PG-13" 4100 7.9 166 "hs" 0 0 1 NA NA NA 331.17 NA 92.46 129 120 46 57 7 26 "Fantasy"
"24" 648.14 "WB" 2008 "AA" "PG-13" 4366 9 150 "ss" 2 1 0 314 83 2.89 648.14 224.16 191.93 121 160 64 76 74 53 "AA"
"25" 879.99 "BV" 1994 "Animation" "G" NA 8.5 89 "ss" 0 0 0 113 80 9.4 879.99 93.66 NA 1 6 2 13 5 11 "Animation"
"26" 488.18 "WB" 2001 "Fantasy" "PG" 3672 7.5 153 "ns" 0 0 0 194 69 2.54 488.18 192.14 NA 6 18 10 15 44 91 "Fantasy"
"27" 393.91 "Uni." 2013 "Animation" "PG" 4003 7.5 98 "ss" 0 0 1 NA NA 4.84 393.91 81.33 NA 0 18 32 115 8 55 "Animation"
"28" 391.25 "BV" 2007 "Period Adventure" "PG-13" 4362 7.1 168 "ss" 0 0 1 NA NA 1.03 391.25 379.36 145.04 7 10 65 115 43 75 "Period"
"29" 326.39 "WB" 2010 "Fantasy" "PG-13" 4125 7.7 150 "ns" 0 0 1 260 66 NA 326.39 NA NA 14 15 15 25 16 45 "Fantasy"
"30" 276.52 "WB (NL)" 2013 "Fantasy" "PG-13" 3928 7.9 161 "hs" 0 0 1 NA NA NA 276.52 NA 78.76 129 120 46 57 7 26 "Fantasy"
"31" 271.65 "WB (NL)" 2014 "Fantasy" "PG-13" 3875 7.5 144 "hs" 0 0 1 NA NA NA 271.65 NA 58.25 129 120 46 57 7 26 "Fantasy"
"32" 369.24 "WB" 2007 "Fantasy" "PG-13" 4285 7.5 139 "ss" 0 0 0 242 67 1.95 369.24 189.68 97.5 14 15 13 38 NA NA "Fantasy"
"33" 549.41 "BV" 2003 "Animation" "G" 3425 8.1 104 "ss" 0 0 0 253 88 4.05 549.41 135.62 101.43 32 50 26 29 72 64 "Animation"
"34" 350.32 "WB" 2009 "Fantasy" "PG" 4455 7.5 153 "ss" 0 0 0 266 72 1.21 350.32 290 90.25 14 15 13 38 18 16 "Fantasy"
"35" 513.02 "NL" 2002 "Fantasy" "PG-13" NA 8.7 179 "hs" 0 0 1 248 85 3.64 513.02 140.76 NA 129 120 1 0 18 19 "Fantasy"
"36" 618.11 "DW" 2004 "Animation" "PG" 4223 7.2 93 "ns" 0 0 1 233 77 2.94 618.11 210.14 151.3 7 19 28 38 30 67 "Animation"
"37" 393.6 "WB" 2005 "Fantasy" "PG-13" 3858 7.6 153 "ns" 0 0 0 246 77 1.93 393.6 203.59 139.39 13 10 1 0 14 27 "Fantasy"
"38" 425.52 "Sony" 2007 "AA" "PG-13" 4324 6.2 140 "ns" 3 1 1 NA NA 1.3 425.52 326.25 191.07 10 16 7 30 28 56 "AA"
"39" 228.06 "Fox" 2009 "Animation" "PG" 4102 7 87 "ss" 0 0 1 NA NA 2.18 228.06 104.4 48.37 2 12 NA NA NA NA "Animation"
"40" 206.2 "Sony" 2015 "Action" "PG-13" NA 6.9 148 "ns" 0 0 0 NA NA 0.82 206.2 252.85 NA 39 25 13 27 81 37 "Action"
"41" 392.32 "WB" 2002 "Fantasy" "PG" 3682 7.4 161 "ns" 0 0 0 230 71 2.62 392.32 149.74 132.37 6 18 13 38 3 11 "Fantasy"
"42" 176.3 "Fox" 2012 "Animation" "PG" 3886 6.7 94 "ss" 0 0 1 NA NA 1.7 176.3 103.83 50.93 22 39 0 11 5 24 "Animation"
"43" 484.96 "NL" 2001 "Fantasy" "PG-13" NA 8.8 178 "hs" 0 0 1 225 80 3.39 484.96 142.95 NA 129 120 0 1 1 0 "Fantasy"
"44" 454.48 "LGF" 2013 "AA" "PG-13" 4163 7.6 146 "hs" 0 0 1 253 78 3.27 454.48 139.11 169.18 3 5 106 157 6 14 "AA"
"45" 367.92 "BV" 2015 "Animation" "PG" NA 8.3 94 "ss" 0 0 0 304 87 2.04 367.92 180.6 NA 41 56 18 72 5 8 "Animation"
"46" 516.16 "Fox" 2005 "Sci-Fi Fantasy" "PG-13" 3663 7.6 146 "ns" 0 0 1 283 67 3.37 516.16 153.37 147.13 40 31 24 38 58 85 "Sci-Fi"
"47" 466.44 "P/DW" 2009 "Sci-Fi Action" "PG-13" 4293 6 144 "ss" 0 0 1 NA NA 2.01 466.44 232 126.44 7 10 11 38 6 18 "Sci-Fi"
"48" 319.47 "LG/S" 2012 "Romance" "PG-13" 4070 5.5 116 "ns" 0 0 1 NA NA 2.44 319.47 131.16 154.22 19 40 41 53 31 30 "Romance"
"49" 322.64 "WB" 2010 "Sci-Fi Action" "PG-13" 3792 8.8 148 "ss" 0 0 0 325 75 1.83 322.64 176.43 69.25 121 160 85 195 23 60 "Sci-Fi"
"50" 604.51 "Sony" 2002 "AA" "PG-13" 3876 7.3 121 "ns" 3 1 0 236 78 2.9 604.51 208.14 171.9 10 16 7 30 28 36 "AA"
"51" 602.7 "Fox" 1996 "Sci-Fi Action" "PG-13" 2977 6.9 153 "ss" 0 0 0 57 48 4.08 602.7 147.62 NA 13 14 56 106 5 2 "Sci-Fi"
"52" 408.07 "P/DW" 2007 "Animation" "PG" 4172 6.1 92 "ns" 0 0 0 NA NA 2.02 408.07 202.33 NA 12 12 28 38 30 67 "Animation"
"53" 349.54 "WB" 2004 "Fantasy" "PG" 3855 7.8 142 "ss" 0 0 0 250 80 1.92 349.54 182.13 131.27 100 89 13 38 0 4 "Fantasy"
"54" 1287.54 "Uni." 1982 "Family Adventure" "PG" NA 7.8 117 "ss" 0 0 1 NA NA 41.44 1287.54 31.07 NA 175 168 2 2 2 8 "Family"
"55" 255.44 "Uni." 2013 "Action" "PG-13" 3771 7.2 130 "ss" 0 0 1 NA NA 1.49 255.44 171.22 104.23 3 6 7 26 7 11 "Action"
"56" 384.23 "Par." 2008 "Period Adventure" "PG-13" 4264 6.2 120 "ss" 0 0 0 256 66 1.71 384.23 224.16 NA 175 168 32 36 144 177 "Period"
"57" 523.4 "Sony" 2004 "AA" "PG-13" 4166 7.3 127 "ss" 3 1 1 261 82 1.87 523.4 280.19 123.57 10 16 7 30 28 56 "AA"
"58" 1798.52 "Fox" 1977 "Sci-Fi Fantasy" "PG" NA 8.7 121 "ss" 0 0 0 212 44 41.91 1798.52 42.91 NA 40 31 11 13 32 36 "Sci-Fi"
"59" 354.82 "BV" 2014 "AA" "PG-13" 4088 8.1 121 "ss" 1 1 0 275 80 1.96 354.82 181.03 100.42 12 8 10 25 12 46 "AA"
"60" 192.68 "Sony" 2009 "Action Drama" "PG-13" 3444 5.8 158 "ns" 0 0 NA NA NA 0.83 192.68 232 75.63 13 14 7 17 2 7 "Action"
"61" 257.06 "BV" 2014 "Fantasy" "PG" 3948 7 97 "ss" 0 0 0 NA NA 1.34 257.06 191.68 73.9 17 27 47 93 10 34 "Fantasy"
"62" 288.89 "Sony" 2006 "Thriller" "PG-13" 3757 6.5 149 "ns" 0 0 0 NA NA 1.74 288.89 166.03 102.41 38 65 76 115 10 18 "Thriller"
"63" 286.36 "Sony" 2012 "AA" "PG-13" 4318 7.3 136 "ss" 3 1 0 NA NA 1.14 286.36 251.38 67.76 10 16 7 30 28 56 "AA"
"64" 358.97 "LGF" 2014 "AA" "PG-13" 4151 6.7 123 "hs" 0 0 1 NA NA 2.7 358.97 133.11 129.81 3 5 106 157 16 20 "AA"
"65" 263.21 "P/DW" 2010 "Animation" "PG" 4386 6.4 93 "ss" 0 0 0 NA NA 1.45 263.21 181.94 NA 6 6 28 38 30 67 "Animation"
"66" 249.07 "Fox" 2014 "AA" "PG-13" 4001 8 131 "ss" 4 1 1 274 80 1.17 249.07 212.97 96.69 14 20 20 71 11 25 "AA"
"67" 236.52 "P/DW" 2012 "Animation" "PG" 4263 6.9 93 "ss" 0 0 1 NA NA 1.49 236.52 158.48 65.91 0 2 13 52 18 60 "Animation"
"68" 395.91 "BV" 2005 "Fantasy" "PG" 3853 6.9 132 "hs" 0 0 1 210 64 1.62 395.91 244.31 89.04 7 19 3 10 1 3 "Fantasy"
"69" 287.32 "BV" 2013 "Animation" "G" 4004 7.4 107 "ss" 0 0 0 NA NA NA 287.32 NA 88.18 NA NA 30 47 20 62 "Animation"
"70" 406.29 "WB" 2003 "Sci-Fi Action" "R" 3603 7.2 138 "ns" 0 0 0 238 61 1.88 406.29 216.42 132.45 10 22 0 1 12 36 "Sci-Fi"
"71" 339.88 "BV" 2009 "Animation" "PG" 3886 8.3 96 "ss" 0 0 0 48 85 1.67 339.88 203 79 41 56 24 24 43 53 "Animation"
"72" 293.32 "WB" 2013 "Sci-Fi Thriller" "PG-13" 3820 7.9 91 "ns" 0 0 0 306 86 2.74 293.32 107.01 59.71 100 89 72 102 87 193 "Sci-Fi"
"73" 276.65 "BV" 2014 "AA" "PG-13" 3938 7.8 136 "ns" 1 1 1 254 78 1.53 276.65 181.03 101.16 2 26 4 26 31 76 "AA"
"74" 308.61 "Sum." 2011 "Romance" "PG-13" 4066 4.9 108 "ns" 0 0 1 NA NA 2.56 308.61 120.68 151.51 19 40 18 28 1 0 "Romance"
"75" 222.03 "Fox" 2014 "Sci-Fi Action" "PG-13" 3969 7.6 130 "ss" 0 0 0 268 79 1.23 222.03 181.03 77.31 2 6 30 42 0 4 "Sci-Fi"
"76" 344.06 "Sum." 2009 "Romance" "PG-13" 4124 4.6 130 "hs" 0 0 1 NA NA 5.93 344.06 58 165.65 2 10 41 53 NA NA "Romance"
"77" 403.64 "P/DW" 2007 "Sci-Fi Action" "PG-13" 4050 7.1 143 "ss" 0 0 0 NA NA 2.13 403.64 189.68 NA 7 10 11 38 6 18 "Sci-Fi"
"78" 216.06 "Sony" 2014 "AA" "PG-13" 4324 6.8 142 "ns" 3 1 1 NA NA NA 216.06 NA 97.54 3 4 11 51 36 76 "AA"
"79" 331.35 "Sum." 2010 "Romance" "PG-13" 4468 4.9 124 "ss" 0 0 1 NA NA 4.42 331.35 74.98 71.45 4 16 1 3 41 53 "Romance"
"80" 229.73 "Par." 2011 "Action" "PG-13" NA 7.4 132 "hs" 0 0 1 230 82 1.44 229.73 159.08 NA 30 25 39 76 1 11 "Action"
"81" 445.93 "LGF" 2012 "AA" "PG-13" 4137 7.3 142 "ns" 0 0 0 278 73 5.23 445.93 85.25 166.68 8 21 25 47 5 10 "AA"
"82" 201.25 "Par." 2015 "Action" "PG-13" 3988 7.5 130 "ss" 0 0 1 263 82 1.3 201.25 154.8 57.28 8 3 39 76 30 53 "Action"
"83" 687.47 "Par." 1994 "Comedy / Drama" "PG-13" NA 8.8 141 "ss" 0 0 0 83 60 6.01 687.47 114.47 NA 33 33 76 115 NA NA "Comedy"
"84" 200.2 "Par." 2014 "Sci-Fi Adventure" "PG-13" NA 8.6 169 "ns" 0 0 0 NA NA 1.14 200.2 175.7 NA 121 160 32 49 42 75 "Sci-Fi"
"85" 502.65 "BV" 1999 "Horror" "PG-13" 2821 8.1 107 "ss" 0 0 0 149 74 7.34 502.65 68.5 NA 12 36 21 37 25 28 "Horror"
"86" 311.4 "WB" 2013 "AA" "PG-13" 4207 7.2 143 "ss" 2 1 0 NA NA 1.29 311.4 240.77 124.77 3 7 1 5 54 146 "AA"
"87" 181.24 "P/DW" 2011 "Animation" "PG" NA 7.3 91 "ss" 0 0 1 167 70 1.1 181.24 164.56 NA 4 6 8 43 47 93 "Animation"
"88" 259.41 "Fox" 2006 "Animation" "PG" 3969 6.9 90 "ns" 0 0 1 NA NA 2.44 259.41 106.26 90.32 2 12 15 48 12 20 "Animation"
"89" 236.93 "BV" 2014 "Animation" "PG" NA 7.9 108 "ns" 1 1 1 193 78 1.35 236.93 175.7 NA 5 7 1 12 0 3 "Animation"
"90" 440.63 "BV" 2003 "Period Adventure" "PG-13" 3416 8.1 135 "ss" 0 0 1 208 67 2.18 440.63 201.99 67.23 7 10 65 115 43 75 "Period"
"91" 290.72 "LGF" 2015 "AA" "PG-13" NA 7 137 "hs" 0 0 1 NA NA 1.76 290.72 165.12 NA 3 5 106 157 16 20 "AA"
"92" 465.25 "Fox" 2002 "Sci-Fi Fantasy" "PG" 3161 6.7 132 "ns" 0 0 1 NA NA 2.7 465.25 172.2 119.79 40 31 24 38 58 85 "Sci-Fi"
"93" 220.87 "BV" 2013 "AA" "PG-13" 3841 7.1 120 "ns" 6 1 1 NA NA 1.21 220.87 181.92 91.71 6 8 9 21 58 85 "AA"
"94" 261 "P/DW" 2008 "Animation" "PG" NA 7.6 91 "ss" 0 0 0 178 76 1.66 261 157.52 NA 15 5 8 43 58 49 "Animation"
"95" 366.21 "BV" 2004 "Animation" "PG" 3933 8 115 "ns" 1 1 0 233 86 2.84 366.21 128.89 98.77 30 25 5 16 38 52 "Animation"
"96" 230.17 "Uni." 2011 "Action" "PG-13" 3793 7.3 130 "ns" 0 0 0 NA NA 1.68 230.17 137.14 94.57 3 6 7 26 7 11 "Action"
"97" 276.15 "Sony" 2008 "Fantasy Drama" "PG-13" 3965 6.4 92 "ss" 3 1 0 NA NA 1.52 276.15 181.75 75.85 1 15 56 106 51 87 "Fantasy"
"98" 195.64 "Sony" 2012 "Sci-Fi Comedy" "PG-13" NA 6.8 106 "ss" 0 0 1 NA NA 1.66 195.64 118.04 NA 7 7 56 106 40 89 "Sci-Fi"
"99" 344.47 "Par." 2010 "AA" "PG-13" 4248 7 125 "ns" 5 1 1 276 60 1.39 344.47 248.1 60.21 3 8 33 91 23 48 "AA"
"100" 261 "BV" 2007 "Animation" "PG-13" 4390 8 111 "ss" 0 0 0 238 85 1.03 261 252.91 NA 30 25 3 17 21 22 "Animation"
"101" 188.48 "Fox" 2014 "Animation" "G" 3940 7.9 105 "ss" 0 0 1 161 80 1.18 188.48 159.73 50.05 7 22 5 10 144 177 "Animation"
"102" 235.61 "Fox" 2015 "Sci-Fi" "PG" 4268 8.1 141 "ns" 0 0 0 293 81 1.57 235.61 149.64 51.09 31 87 34 122 70 94 "Sci-Fi"
"103" 434.24 "Uni." 1997 "Sci-Fi Horror" "PG-13" 3565 6.5 129 "ss" 0 0 1 NA NA 3.14 434.24 138.37 NA 175 168 9 24 107 148 "Sci-Fi"
"104" 519.48 "NM" 2004 "Historical Drama" "R" 3408 7.1 126 "ns" 0 0 0 NA NA 12.36 519.48 42.03 117.4 32 30 4 6 6 0 "Historical"
"105" 174.61 "Uni." 2008 "Musical" "PG-13" NA 6.3 108 "ss" 0 0 0 NA NA 2.77 174.61 63.01 NA 2 3 7 16 9 14 "Musical"
"106" 136.62 "Fox" 2012 "Adventure" "R" 3856 8 126 "hs" 0 0 0 228 75 2.16 136.62 63.39 NA 96 90 3 8 16 23 "Adventure"
"107" 218.11 "P/DW" 2008 "Animation" "PG" 2946 6.7 89 "ns" 0 0 1 NA NA 1.5 218.11 145.4 27.26 0 2 13 52 18 60 "Animation"
"108" 222.35 "Sony" 2006 "Action" "PG" 4065 8 144 "ns" 0 0 0 246 84 1.12 222.35 199.24 83.81 2 10 13 27 3 15 "Action"
"109" 221.41 "BV" 2010 "Animation" "PG-13" 3443 7.8 100 "hs" 0 0 0 215 79 1.34 221.41 165.4 44.99 1 3 6 11 2 13 "Animation"
"110" 318 "Par." 2005 "Sci-Fi Horror" "PG" 3603 6.5 117 "ss" 0 0 0 251 62 0.9 318 352.89 66.23 175 168 39 76 17 26 "Sci-Fi"
"111" 475.18 "Sony" 1997 "Sci-Fi Comedy" "PG-13" 3910 7.3 97 "ss" 0 0 0 85 81 1.9 475.18 250.2 123.01 7 7 40 89 56 106 "Sci-Fi"
"112" 200.32 "Fox" 2013 "Animation" "PG-13" 3180 7.3 98 "ns" 0 0 0 NA NA 2.08 200.32 96.31 NA 0 6 40 60 36 76 "Animation"
"113" 279.21 "WB" 2011 "Comedy" "PG" 4065 6.5 102 "ss" 0 0 1 NA NA 1.89 279.21 148.11 47.83 5 4 29 65 4 12 "Comedy"
"114" 204.05 "Sony" 2008 "Action" "R" 3675 6.7 106 "ns" 0 0 0 280 53 2.1 204.05 96.94 104.08 6 13 13 27 2 5 "Action"
"115" 324.23 "WB" 2007 "Sci-Fi Horror" "PG-13" 3501 7.2 100 "hs" 0 0 0 NA NA 1.28 324.23 252.91 85.36 3 5 56 106 9 6 "Sci-Fi"
"116" 385.81 "Par." 2008 "AA" "PG-13" 3648 7.9 126 "ns" 5 1 0 266 83 2.12 385.81 181.75 93.54 3 8 33 91 33 46 "AA"
"117" 333.26 "Fox" 2006 "Family Adventure" "PG-13" 4154 6.4 108 "hs" 0 0 0 NA NA 1.79 333.26 185.95 NA 3 1 13 52 1 8 "Family"
"118" 171.52 "Uni." 2015 "Romance" "PG" NA 4.1 125 "ns" 0 0 0 NA NA NA 171.52 NA NA 5 11 7 8 6 3 "Romance"
"119" 156.45 "Sony" 2011 "Family Comedy" "R" 3655 5.5 86 "ss" 0 0 0 NA NA 3.56 156.45 43.88 93.47 NA NA 15 25 21 50 "Family"
"120" 445.61 "BV" 2001 "Animation" "PG" 3427 8.1 90 "ns" 0 0 0 192 85 2.64 445.61 169.08 54.72 41 56 20 62 30 47 "Animation"
"121" 210.09 "BV" 2011 "Animation" "G" 3649 6.3 113 "ss" 0 0 1 NA NA 1.67 210.09 126.17 68.68 36 26 1 7 14 45 "Animation"
"122" 163.8 "P/DW" 2011 "Animation" "G" 4115 6.7 90 "ns" 0 0 0 142 73 0.75 163.8 219.42 72.52 12 12 33 39 12 38 "Animation"
"123" 373.97 "BV" 1998 "Sci-Fi Action" "PG" 3963 6.6 144 "ss" 0 0 0 115 27 1.55 373.97 241.15 63.26 7 10 21 37 30 49 "Sci-Fi"
"124" Inf "Uni." 2016 "Action" "PG-13" 3184 7.2 106 "ns" 0 0 0 257 73 1.56 Inf Inf NA 129 120 52 81 8 43 "Action"
"125" 296.97 "Uni." 2005 "Period Adventure" "PG-13" 3627 7 187 "hs" 0 0 0 43 67 1.06 296.97 280.95 68 15 46 20 60 12 49 "Period"
"126" 382.65 "WB" 2012 "Comedy" "R" 3303 7.3 106 "ss" 0 0 0 NA NA 7 382.65 54.65 NA 143 148 29 65 2 2 "Comedy"
"127" 229.37 "Par." 2014 "Drama" "R" NA 6.1 132 "hs" 0 0 1 NA NA 3.66 229.37 62.61 NA 18 15 39 76 1 8 "Drama"
"128" 301.51 "WB" 2000 "Action" "PG-13" 3669 7.5 123 "ss" 0 0 1 NA NA 1.49 301.51 201.76 93.29 8 9 33 91 16 50 "Action"
"129" 204.83 "Fox" 2011 "Adventure" "PG-13" 3703 6.4 128 "hs" 0 0 0 NA NA NA 204.83 NA 43.45 13 14 12 26 34 82 "Adventure"
"130" 352.34 "Uni." 2004 "Action Drama" "PG-13" 3444 7.7 124 "ss" 0 0 0 192 70 2.01 352.34 175.12 96.25 0 18 32 115 7 27 "Action"
"131" 221.86 "BV" 2010 "Animation" "PG" NA 7 95 "ss" 0 0 0 64 80 2.92 221.86 76.08 NA 29 60 144 177 3 2 "Animation"
"132" 208.88 "Par." 2015 "Fantasy" "PG" 3848 7 112 "ns" 0 0 0 NA NA 2.13 208.88 98.04 70.07 6 13 64 136 0 7 "Fantasy"
"133" 253.94 "BV" 2013 "Action Horror" "PG-13" 3607 7.2 116 "ss" 0 0 0 65 66 1.25 253.94 203.32 71.06 5 8 16 33 2 9 "Action"
"134" 317.51 "Fox" 2012 "Animation" "PG" 4164 8.8 100 "ss" 0 0 0 NA NA 1.57 317.51 202.2 72.46 5 2 11 13 32 36 "Animation"
"135" 626.14 "DW" 1980 "Sci-Fi Fantasy" "PG" NA 6.9 129 "ss" 0 0 0 NA NA 10.76 626.14 58.22 NA 0 2 13 52 18 60 "Sci-Fi"
"136" 357.09 "Fox" 2005 "Animation" "PG" 4142 8.5 86 "ss" 0 0 0 NA NA NA 357.09 NA NA NA NA 8 32 0 1 "Animation"
"137" 213.72 "WB" 2014 "Sci-Fi Action" "PG-13" 3952 6 123 "ns" 0 0 0 68 44 1.25 213.72 170.38 99.25 0 1 4 1 4 2 "Sci-Fi"
"138" 231.54 "Fox" 2007 "Animation" "PG-13" 3926 7.4 87 "ss" 0 0 0 218 78 2.44 231.54 94.84 93.58 6 15 8 18 5 25 "Animation"
"139" 242.44 "WB" 2009 "Adventure" "PG-13" 3626 7.6 134 "hs" 0 0 0 NA NA 2.32 242.44 104.4 72.27 8 9 33 91 16 50 "Adventure"
"140" 271.18 "BV" 2008 "Animation" "G" 3992 8.4 97 "ss" 0 0 0 244 85 1.24 271.18 218.11 76.46 32 50 16 37 NA NA "Animation"
"141" 423.22 "TriS" 1991 "Sci-Fi Action" "R" NA 8.5 137 "ss" 0 0 1 67 82 2.01 423.22 210.78 NA 65 54 23 31 9 7 "Sci-Fi"
"142" 185.97 "BV" 2015 "AA" "PG-13" NA 7.4 117 "ss" 1 1 0 NA NA 1.39 185.97 134.16 NA 2 3 7 19 58 36 "AA"
"143" 391.29 "Uni." 2004 "Comedy" "PG-13" 3554 6.3 114 "hs" 0 0 0 NA NA 3.49 391.29 112.08 64.58 9 5 48 82 13 52 "Comedy"
"144" 447.55 "Par." 1990 "Romance" "PG-13" NA 7 128 "ss" 0 0 0 66 62 9.89 447.55 45.25 NA 6 6 5 7 12 28 "Romance"
"145" 455.75 "BV" 1992 "Animation" "G" NA 8 90 "ns" 0 0 0 68 83 7.76 455.75 58.7 NA 7 8 1 2 63 80 "Animation"
"146" 140.03 "Fox" 2014 "Animation" "G" 3975 6.4 101 "ns" 0 0 1 NA NA 1.28 140.03 109.68 41.85 2 12 1 15 2 6 "Animation"
"147" 186.89 "WB" 2004 "Historical Epic" "R" 3411 7.2 163 "ns" 0 0 0 NA NA 0.76 186.89 245.17 65.71 10 8 1 3 9 22 "Historical"
"148" 239.94 "P/DW" 2010 "Animation" "PG" 4060 8.2 98 "ns" 0 0 0 200 87 1.32 239.94 181.94 48.19 7 22 5 10 2 12 "Animation"
"149" 475.74 "WB" 1996 "Action Drama" "PG-13" NA 6.3 113 "ns" 0 0 0 53 45 2.63 475.74 181.09 NA 0 7 47 65 6 22 "Action"
"150" 203.6 "Par." 2014 "AA" "PG-13" 3980 6.3 101 "ss" 0 0 0 50 29 1.53 203.6 133.11 69.86 0 1 4 26 17 29 "AA"
"151" 251.37 "BV" 2013 "Adventure" "PG" 3912 6.4 127 "ns" 0 0 0 NA NA 1.09 251.37 230.07 84.65 10 16 31 90 12 49 "Adventure"
"152" 179.95 "WB" 2010 "Fantasy" "PG-13" 3802 5.8 118 "ns" 0 0 0 NA NA 1.31 179.95 137.83 67.48 2 2 6 14 15 35 "Fantasy"
"153" 154.74 "Sony" 2009 "Thriller" "PG-13" 3527 6.7 140 "ns" 0 0 0 NA NA 0.89 154.74 174 53.59 38 65 76 115 24 38 "Thriller"
"154" 421.13 "BV" 1999 "Animation" "G" NA 7.9 92 "ns" 0 0 1 163 2 2.73 421.13 154.13 NA 36 26 76 115 23 32 "Animation"
"155" 157.54 "Fox" 2011 "Animation" "G" 3842 7 96 "ns" 0 0 0 134 49 1.6 157.54 98.74 43.01 2 12 NA NA NA NA "Animation"
"156" 350.31 "Uni." 2003 "Fantasy Comedy" "PG-13" 3549 6.7 101 "ss" 0 0 0 NA NA 3 350.31 116.87 98.11 1 0 45 88 56 69 "Fantasy"
"157" 411.48 "DW" 2001 "Animation" "PG" 3715 7.9 90 "ns" 0 0 0 200 77 4.46 411.48 92.23 65.02 7 19 28 38 30 67 "Animation"
"158" 401.61 "DW" 1998 "War" "R" NA 8.6 170 "ss" 0 0 0 130 81 3.09 401.61 129.85 NA 175 168 76 115 5 7 "War"
"159" 193.97 "Fox" 2011 "Sci-Fi Action" "PG-13" 3691 7.6 110 "ss" 0 0 0 248 71 1.9 193.97 102.03 NA 1 7 30 42 NA NA "Sci-Fi"
"160" 252.86 "Fox" 2005 "Action Comedy" "PG-13" 3451 6.5 115 "ss" 0 0 0 NA NA 1.69 252.86 149.3 68.27 2 6 64 136 47 93 "Action"
"161" 587.82 "Fox" 1990 "Family Comedy" "PG" 2173 7.5 105 "ns" 0 0 0 42 43 15.88 587.82 37.02 NA 6 18 4 7 13 11 "Family"
"162" 854.26 "Fox" 1983 "Sci-Fi Fantasy" "PG" NA 8.4 134 "ss" 0 0 0 NA NA 9.52 854.26 89.76 NA 2 3 11 13 32 36 "Sci-Fi"
"163" 280.27 "WB" 2005 "Family Adventure" "PG" NA 6.7 106 "ss" 0 0 0 221 72 1.38 280.27 203.59 NA 20 58 65 115 12 22 "Family"
"164" 432.15 "Par." 1989 "Period Adventure" "PG-13" 2327 8.3 127 "ss" 0 0 0 68 77 4.11 432.15 105.19 NA 175 168 32 36 37 27 "Period"
"165" 160.17 "WB" 2015 "Action" "PG-13" NA 6.1 114 "ss" 0 0 0 NA NA 1.41 160.17 113.52 NA 0 2 3 28 1 8 "Action"
"166" 207.01 "BV" 2012 "Animation" "PG" 3752 7.8 108 "ns" 0 0 0 168 75 1.15 207.01 180.34 53.56 0 1 17 42 5 14 "Animation"
"167" 1103.41 "Uni." 1975 "Horror Thriller" "PG" NA 8.1 125 "ss" 0 0 0 NA NA 37.14 1103.41 29.71 NA 175 168 2 9 2 4 "Horror"
"168" 274.52 "WB" 2014 "Animation" "PG" NA 7.8 100 "ns" 0 0 0 222 85 4.3 274.52 63.89 NA 11 12 5 20 11 32 "Animation"
"169" 175.14 "Sony" 2015 "Animation" "PG" NA 6.8 89 "ns" 0 0 1 NA NA 2.12 175.14 82.56 NA 6 15 50 68 5 24 "Animation"
"170" 321.67 "WB" 2009 "Comedy" "R" 3545 7.8 96 "ss" 0 0 0 225 67 7.92 321.67 40.6 52.2 5 4 29 65 4 12 "Comedy"
"171" 244.84 "Par." 2013 "Sci-Fi Adventure" "PG-13" 3907 7.8 123 "ns" 0 0 0 250 76 1.2 244.84 203.32 75.12 18 41 6 15 9 20 "Sci-Fi"
"172" 293.71 "WB" 1999 "Sci-Fi Action" "R" 2903 8.7 136 "ns" 0 0 0 141 76 2.72 293.71 107.89 NA 10 22 11 20 21 45 "Sci-Fi"
"173" 366.92 "BV" 1990 "Romantic Comedy" "R" 1811 6.9 119 "ns" 0 0 0 55 50 12.74 366.92 28.79 NA 13 14 20 26 51 86 "Romantic"
"174" 134.92 "Uni." 2014 "Sci-Fi Action" "R" 3202 6.4 90 "ss" 0 0 0 177 74 3.17 134.92 42.59 NA 24 22 34 119 56 69 "Sci-Fi"
"175" 324.22 "BV" 2006 "Animation" "G" 3988 7.2 116 "ss" 0 0 0 196 62 2.03 324.22 159.39 79.83 36 26 14 45 37 64 "Animation"
"176" 311.34 "Fox" 2006 "AA" "PG-13" 3714 6.8 104 "ss" 4 1 1 NA NA 1.12 311.34 278.93 136.54 3 4 20 71 41 79 "AA"
"177" 356.27 "Par." 1996 "Action" "PG-13" 3012 7.1 110 "ss" 0 0 1 51 51 2.26 356.27 157.47 89.36 10 21 39 76 24 30 "Action"
"178" 302.97 "DW" 2000 "Historical Epic" "R" 3188 8.5 155 "ns" 0 0 0 186 64 1.82 302.97 166.25 56.17 31 87 36 66 30 110 "Historical"
"179" 278.2 "BV" 2007 "Adventure" "PG" 3832 6.5 124 "hs" 0 0 1 NA NA NA 278.2 NA 56.65 0 2 40 60 0 2 "Adventure"
"180" 160.29 "WB" 2003 "War" "R" 2938 7.7 154 "hs" 0 0 0 NA NA 0.79 160.29 201.99 35.06 23 21 9 19 39 76 "War"
"181" 266.31 "WB" 2007 "Period Action" "R" NA 7.7 117 "ns" 0 0 NA NA NA 3.24 266.31 82.19 NA 3 7 2 12 3 28 "Period"
"182" 281.9 "WB" 2001 "Crime Comedy" "PG-13" NA 7.8 116 "hs" 0 0 0 168 71 2.16 281.9 130.65 NA 29 74 NA NA NA NA "Crime"
"183" 198.58 "Par." 2011 "AA" "PG-13" 3963 7 115 "ns" 6 1 0 88 69 1.21 198.58 164.56 72.08 29 60 9 21 58 85 "AA"
"184" 305.11 "BV" 2001 "War" "PG-13" 3255 6 183 "ss" 0 0 0 NA NA 1.42 305.11 215.19 NA 7 10 67 95 2 16 "War"
"185" 293.03 "BV" 1999 "Animation" "G" NA 7.2 88 "ss" 0 0 0 104 77 1.32 293.03 222.64 NA 9 10 1 1 49 91 "Animation"
"186" 254.74 "Fox" 2009 "Family Comedy" "PG" 3747 4.5 88 "hs" 0 0 1 NA NA 2.93 254.74 87 56.72 8 13 2 13 7 15 "Family"
"187" 287.68 "Uni." 2007 "Action Thriller" "PG-13" 3701 8.1 111 "ss" 0 0 0 257 82 2.07 287.68 139.1 87.63 34 62 34 122 13 17 "Action"
"188" 285.11 "Sony" 2002 "Sci-Fi Comedy" "PG-13" 3641 6.1 88 "ss" 0 0 0 NA NA 1.36 285.11 209.64 78.02 7 7 40 89 56 106 "Sci-Fi"
"189" 162.63 "Uni." 2012 "Musical" "PG-13" 2927 7.6 157 "hs" 0 0 0 43 62 2.44 162.63 66.67 29.84 28 47 20 71 36 66 "Musical"
"190" 1144.76 "WB" 1973 "Horror" "R" NA 8 122 "hs" 0 0 0 NA NA NA 1144.76 NA NA 19 14 32 49 21 22 "Horror"
"191" 460.64 "Fox" 1993 "Family Comedy" "PG-13" NA 6.9 125 "hs" 0 0 0 49 59 8.77 460.64 52.54 NA 6 18 63 80 43 70 "Family"
"192" 92.68 "Par." 2015 "Action" "PG-13" 3783 6.6 126 "ss" 0 0 1 NA NA 0.58 92.68 159.96 27.86 6 8 23 31 0 4 "Action"
"193" 217 "WB" 2003 "Sci-Fi Action" "R" 3504 6.4 109 "ss" 0 0 1 NA NA 0.75 217 288.56 63.48 1 1 23 31 1 9 "Sci-Fi"
"194" 310.49 "Uni." 2001 "Period Adventure" "PG-13" 3553 6.3 130 "ns" 0 0 0 NA NA 2.06 310.49 150.64 NA 1 3 8 10 15 30 "Period"
"195" 240.93 "MGM" 2002 "Action" "PG-13" 3377 6.1 123 "hs" 0 0 0 NA NA 1.13 240.93 212.63 NA 11 1 17 20 41 79 "Action"
"196" 377.05 "Fox" 2000 "Drama" "PG-13" 3061 7.7 143 "hs" 0 0 0 154 79 2.6 377.05 145.27 NA 33 33 NA NA NA NA "Drama"
"197" 200.98 "WB" 2003 "Sci-Fi Action" "R" 3502 6.7 135 "ns" 0 0 0 NA NA 0.93 200.98 216.42 NA 10 22 NA NA NA NA "Sci-Fi"
"198" 11.15 "Wein." 2012 "Foreign" "R" NA 5.8 112 "ss" 0 0 0 NA NA NA 11.15 NA NA 10 22 NA NA NA NA "Foreign"
"199" 177.93 "Wein." 2012 "Western" "R" 3012 8.5 165 "hs" 0 0 0 248 77 1.63 177.93 109.3 32.9 120 163 45 74 81 37 "Western"
"200" 452.57 "BV" 1991 "Animation" "G" NA 8 84 "ns" 0 0 0 103 82 8.76 452.57 51.66 NA 1 5 3 7 1 1 "Animation"
"201" 378.85 "Orion" 1990 "Western" "PG-13" NA 8 183 "ns" 0 0 0 66 71 8.37 378.85 45.25 NA 46 49 46 49 3 13 "Western"
"202" 171.58 "BV" 2008 "Fantasy" "PG" 3929 6.6 140 "ns" 0 0 1 NA NA 0.63 171.58 272.63 66.64 7 19 0 4 3 10 "Fantasy"
"203" 266.14 "Uni." 1999 "Period Adventure" "PG-13" NA 7 124 "ns" 0 0 0 83 43 1.94 266.14 137.01 NA 1 3 8 10 15 30 "Period"
"204" 115.12 "Fox" 2010 "Fantasy" "PG" 3555 6.3 112 "hs" 0 0 1 NA NA 0.67 115.12 170.91 26.46 20 15 3 10 1 3 "Fantasy"
"205" 184.91 "WB (NL)" 2008 "Romantic Comedy" "R" 3325 6.9 135 "ss" 0 0 0 NA NA 2.35 184.91 78.76 69.07 2 2 28 43 9 24 "Romantic"
"206" 141.9 "Fox" 2013 "Action" "PG-13" 3924 6.7 126 "ss" 0 0 0 NA NA 1.1 141.9 128.41 56.82 5 4 20 71 NA NA "Action"
"207" 132.41 "Fox" 2015 "AA" "R" 3282 7.8 129 "ns" 0 0 1 NA NA 1.58 132.41 83.59 37.36 5 16 NA NA 64 52 "AA"
"208" 153.05 "Wein." 2010 "Historical Drama" "R" NA 8 118 "hs" 0 0 0 265 84 9.25 153.05 16.54 NA 28 47 64 52 42 80 "Historical"
"209" 205.55 "Fox" 2009 "Family Adventure" "PG" 4101 5.9 105 "ss" 0 0 1 NA NA 1.18 205.55 174 62.87 3 1 13 52 54 146 "Family"
"210" 550.49 "WB" 1989 "AA" "PG-13" 2201 7.6 126 "ss" 2 1 0 68 60 7.18 550.49 76.7 88.75 20 58 58 36 84 95 "AA"
"211" 255.76 "WB" 1992 "Romance" "R" 1806 6.1 130 "hs" 0 0 0 NA NA NA 255.76 NA NA 14 9 46 49 9 27 "Romance"
"212" 108.94 "WB" 2013 "Sci-Fi Action" "PG-13" 3285 7 131 "ss" 0 0 0 NA NA 0.54 108.94 203.32 39.92 49 48 1 4 0 1 "Sci-Fi"
"213" 341.41 "BV" 2002 "Sci-Fi Horror" "PG-13" 3453 6.7 107 "ss" 0 0 0 228 62 3.17 341.41 107.81 89.99 12 36 32 30 30 110 "Sci-Fi"
"214" 310.05 "Fox" 2003 "AA" "PG-13" 3749 7.5 134 "ns" 4 1 1 235 75 1.95 310.05 158.71 123.5 14 20 9 36 20 71 "AA"
"215" 138.26 "Fox" 2012 "Sci-Fi Action" "R" NA 7 124 "ss" 0 0 0 NA NA 0.94 138.26 147.55 NA 31 87 13 17 70 131 "Sci-Fi"
"216" 124.2 "Uni." 2008 "Period Adventure" "R" 3442 5.2 114 "ss" 0 0 1 NA NA 0.79 124.2 157.52 61.92 3 1 8 10 4 15 "Period"
"217" 7516.04 "MGM" 1939 "Historical Epic" "PG-13" 3778 8.2 238 "hs" 0 0 0 NA NA 1.37 7516.04 5484.78 NA 2 4 4 4 0 1 "Historical"
"218" 189.77 "BV" 2010 "Sci-Fi Action" "G" NA 6.8 125 "hs" 0 0 0 NA NA NA 189.77 NA NA NA NA 31 67 1 3 "Sci-Fi"
"219" 177.98 "Par." 2006 "Action" "PG" 3451 6.9 126 "ns" 0 0 1 NA NA 0.79 177.98 225.8 58.44 18 41 39 76 89 98 "Action"
"220" 169.74 "Uni." 2012 "Adventure" "PG-13" 4059 6.1 127 "ss" 0 0 0 NA NA 1.04 169.74 163.94 NA 1 2 41 53 9 21 "Adventure"
"221" 701.95 "Par." 1978 "Musical" "PG-13" 3777 7.2 110 "ss" 0 0 0 NA NA 1.11 701.95 632.05 NA 1 3 40 49 6 7 "Musical"
"222" 233.62 "Sum." 2008 "Romance" "PG" NA 5.2 120 "hs" 0 0 0 54 47 32.13 233.62 7.27 NA 8 12 41 53 1 2 "Romance"
"223" 125.1 "Par." 2013 "Drama" "PG-13" NA 8.2 180 "hs" 0 0 0 248 65 3.16 125.1 39.59 NA 135 185 85 195 5 56 "Drama"
"224" 265.78 "WB" 2006 "AA" "R" 2557 6.1 154 "ss" 2 1 0 258 64 2 265.78 132.82 24.44 14 20 6 6 3 10 "AA"
"225" 342.01 "WB" 1991 "Period Adventure" "PG-13" 4065 6.9 143 "ss" 0 0 1 52 38 0.61 342.01 557.96 108.49 2 5 46 49 56 69 "Period"
"226" 776.74 "Par." 1981 "Period Adventure" "PG-13" NA 8.5 115 "ss" 0 0 0 NA NA 5.17 776.74 150.22 NA 175 168 32 36 1 4 "Period"
"227" 183.08 "Fox" 2015 "AA" "PG" NA 6.7 151 "hs" 0 0 0 42 43 9.86 183.08 18.58 NA 2 1 18 54 21 52 "AA"
"228" 265.95 "Par." 2015 "Animation" "PG" NA 8 94 "ns" 0 0 0 43 12 1.91 265.95 139.32 NA 18 41 6 15 9 20 "Animation"
"229" NA "FR" 2009 "Sci-Fi Adventure" "PG-13" 4053 6.2 126 "ns" 0 0 0 NA NA NA NA 174 87.23 2 4 1 5 0 2 "Sci-Fi"
"230" Inf "Fox" 2016 "Action Fantasy" "Unrated" NA 8.2 111 "ns" 0 0 0 296 71 NA Inf NA NA 110 139 85 195 16 70 "Action"
"231" 262.99 "WB" 2006 "Animation" "PG" 3804 6.5 108 "ns" 0 0 0 161 63 1.98 262.99 132.82 55.12 64 52 2 5 NA NA "Animation"
"232" 170.08 "Fox" 2007 "Action" "PG-13" 3411 7.2 130 "ss" 0 0 0 206 71 1.22 170.08 139.1 42.24 NA NA 21 37 3 21 "Action"
"233" 264.14 "Fox" 2002 "Animation" "PG" 3345 7.6 81 "ns" 0 0 0 165 65 2.99 264.14 88.35 69.33 6 6 15 48 12 20 "Animation"
"234" 230.14 "P/DW" 2009 "Animation" "PG" 4136 6.6 94 "ns" 0 0 0 NA NA 1.13 230.14 203 68.79 0 2 50 87 11 26 "Animation"
"235" 516.12 "Uni." 1985 "Sci-Fi Adventure" "PG" NA 8.5 111 "ss" 0 0 0 60 51 11.08 516.12 46.56 NA 33 33 29 55 30 16 "Sci-Fi"
"236" 252.84 "Sony" 1998 "Sci-Fi Action" "PG-13" 3310 6.5 140 "ss" 0 0 0 68 44 1.05 252.84 241.15 NA 10 11 1 10 9 18 "Sci-Fi"
"237" 304.5 "Fox" 1994 "Action Comedy" "R" NA 7.2 144 "ss" 0 0 0 47 60 1.27 304.5 239.35 NA 65 54 23 31 12 24 "Action"
"238" 171.21 "FoxS" 2008 "Drama" "R" NA 8 120 "ns" 0 0 0 267 81 9.42 171.21 18.18 NA 79 79 12 22 2 4 "Drama"
"239" 158.52 "WB" 2015 "Sci-Fi Action" "R" NA 8.2 120 "ns" 0 0 1 343 86 1.02 158.52 154.8 NA 64 52 16 70 51 87 "Sci-Fi"
"240" 152.91 "Fox" 2012 "Action" "PG-13" 3706 6.3 91 "ns" 0 0 1 NA NA 3.11 152.91 49.18 54.1 2 2 15 35 1 5 "Action"
"241" 131.09 "Par." 2013 "Action" "PG-13" 3734 5.8 99 "ns" 0 0 1 NA NA 0.94 131.09 139.11 43.34 15 7 3 28 6 14 "Action"
"242" 280.82 "WB" 2005 "AA" "PG-13" 3858 8.3 140 "ss" 2 1 0 267 74 1.38 280.82 203.59 66.1 121 160 64 76 37 60 "AA"
"243" 295.06 "Par." 2000 "Fantasy Comedy" "PG-13" NA 6.4 127 "hs" 0 0 0 NA NA 2.61 295.06 112.99 NA 6 5 32 30 47 65 "Fantasy"
"244" 85.13 "Par." 2011 "Animation" "PG" 3087 7.4 101 "hs" 0 0 0 NA NA NA 85.13 NA 10.64 175 168 17 19 30 42 "Animation"
"245" 208.68 "Fox" 2009 "AA" "PG-13" 4102 6.7 107 "ns" 4 1 1 NA NA 1.2 208.68 174 98.72 26 7 20 71 11 25 "AA"
"246" 88.81 "Fox" 2014 "Animation" "PG" 3775 6.7 92 "hs" 0 0 0 NA NA 0.63 88.81 140.56 NA 0 2 0 8 12 12 "Animation"
"247" 88.64 "NL" 2007 "Fantasy" "PG-13" 3528 6.1 113 "hs" 0 0 0 NA NA 0.39 88.64 227.62 32.62 2 10 65 148 13 27 "Fantasy"
"248" 145.35 "WB" 2009 "Sci-Fi Action" "PG-13" 3602 6.6 114 "ss" 0 0 0 NA NA 0.63 145.35 232 49.42 24 38 64 76 6 14 "Sci-Fi"
"249" 193.86 "Par." 2011 "AA" "PG-13" 3715 6.8 125 "ss" 1 1 1 241 67 1.26 193.86 153.59 71.42 2 6 4 26 0 9 "AA"
"250" 106.7 "WB" 2014 "Sci-Fi Action" "PG-13" 3505 7.9 113 "ss" 0 0 0 279 79 0.56 106.7 189.55 30.67 2 6 39 76 16 56 "Sci-Fi"
"251" 327.41 "Fox" 1998 "Romantic Comedy" "R" NA 7.1 119 "ss" 0 0 0 83 72 7.67 327.41 42.67 NA 3 4 28 82 18 22 "Romantic"
"252" 178.69 "Fox" 2014 "Thriller" "R" 3284 8.1 145 "ns" 0 0 0 288 77 2.75 178.69 64.96 39.93 57 101 67 95 28 50 "Thriller"
"253" 386.46 "WB" 1993 "Action Thriller" "PG-13" 2425 7.8 130 "ss" 0 0 0 72 85 NA 386.46 NA 50.01 0 4 32 36 40 89 "Action"
"254" 278.52 "Uni." 2001 "Sci-Fi Horror" "PG-13" 3462 5.9 92 "ss" 0 0 0 NA NA 1.95 278.52 142.95 NA 2 6 3 25 34 58 "Sci-Fi"
"255" 361.48 "IFC" 2002 "Romantic Comedy" "PG" NA 6.6 95 "ns" 0 0 0 129 64 48.28 361.48 7.49 NA 3 1 7 16 2 5 "Romantic"
"256" 243.63 "Sony" 2005 "Romantic Comedy" "PG-13" 3575 6.7 115 "ns" 0 0 0 84 84 2.56 243.63 95.01 58.5 1 0 56 106 2 15 "Romantic"
"257" 225.42 "DW" 2004 "Animation" "PG" 4070 6 90 "ns" 0 0 0 NA NA 2.15 225.42 105.07 66.69 0 1 56 106 48 82 "Animation"
"258" 200 "Fox" 1995 "Action Thriller" "R" 2579 7.6 131 "ns" 0 0 1 45 39 1.11 200 180 NA 4 5 21 37 27 30 "Action"
"259" 198.83 "Uni." 1999 "Romantic Comedy" "PG-13" NA 7 124 "ss" 0 0 0 98 72 2.76 198.83 71.93 NA 6 15 51 86 15 18 "Romantic"
"260" 302 "BV" 1998 "Animation" "G" NA 7.2 96 "hs" 0 0 0 86 81 1.36 302 222.6 NA 36 26 6 21 54 72 "Animation"
"261" 121.08 "Fox" 2014 "Family Adventure" "PG" 3914 6.2 97 "hs" 0 0 1 NA NA 0.9 121.08 135.24 18.21 3 1 13 52 63 80 "Family"
"262" 179.92 "Uni." 2009 "Action" "PG-13" 3674 6.6 99 "ns" 0 0 0 NA NA 1.82 179.92 98.6 82.36 3 6 7 26 7 11 "Action"
"263" 175.82 "WB" 2004 "Crime Comedy" "PG-13" 3290 6.4 124 "hs" 0 0 0 NA NA 1.14 175.82 154.11 54.92 29 74 64 136 18 32 "Crime"
"264" 107.76 "Par." 2014 "Drama" "PG-13" 3571 5.8 138 "ns" 0 0 0 NA NA 0.81 107.76 133.11 46.53 32 73 36 66 15 25 "Drama"
"265" 276.68 "Fox" 2001 "Sci-Fi Action" "PG-13" NA NA 119 "ss" 0 0 0 248 71 1.8 276.68 153.71 NA NA NA NA NA NA NA "Sci-Fi"
"266" 120.07 "WB" 2013 "Comedy" "R" 3565 5.9 100 "ss" 0 0 1 NA NA 1.09 120.07 110.22 44.62 5 4 29 65 4 12 "Comedy"
"267" 383.6 "BV" 1995 "Animation" "G" 2574 8.3 81 "hs" 0 0 0 78 2 NA 383.6 NA NA 36 26 76 115 23 32 "Animation"
"268" 217.33 "MGM" 1999 "Action" "PG-13" 3163 6.4 128 "ns" 0 0 0 136 39 0.94 217.33 231.2 NA 20 15 17 20 8 2 "Action"
"269" 274.78 "Fox" 2007 "Family Comedy" "PG" NA 5.3 92 "hs" 0 0 0 NA NA 3.62 274.78 75.87 NA 1 1 2 22 7 15 "Family"
"270" 194.73 "Sony" 2010 "Action Drama" "PG" 3740 7.2 140 "ss" 0 0 0 NA NA 4.42 194.73 44.11 61.42 5 6 3 3 1 5 "Action"
"271" 363.93 "Fox" 1992 "Family Comedy" "PG" 2461 6.6 120 "hs" 0 0 1 NA NA NA 363.93 NA NA 6 18 4 7 13 11 "Family"
"272" 162.09 "Sony" 2012 "Animation" "PG" 3375 7.1 91 "ns" 0 0 0 NA NA 1.74 162.09 92.9 46.45 6 15 50 68 5 24 "Animation"
"273" 197.81 "Fox" 2002 "Sci-Fi Thriller" "PG-13" 3001 7.7 144 "ss" 0 0 0 240 79 1.3 197.81 152.74 NA 175 168 39 76 21 22 "Sci-Fi"
"274" 421.63 "Par." 1986 "Action Drama" "PG" NA 6.9 110 "ns" 0 0 0 NA NA NA 421.63 NA NA 5 13 39 76 1 2 "Action"
"275" 222.81 "DW" 1999 "Drama" "R" NA 8.4 122 "ns" 0 0 0 180 77 8.67 222.81 25.69 NA 39 25 54 72 42 81 "Drama"
"276" 347.6 "Uni." 1995 "Action Thriller" "PG" NA 7.6 140 "ss" 0 0 1 85 84 NA 347.6 NA NA 38 65 76 115 6 22 "Action"
"277" 365.78 "MGM" 1988 "Drama" "R" NA 8 133 "hs" 0 0 0 69 79 6.91 365.78 52.92 NA 29 37 58 49 39 76 "Drama"
"278" 160.62 "Fox" 2011 "AA" "PG-13" 3692 7.8 131 "ss" 4 1 1 270 76 0.92 160.62 175.54 60.45 5 16 11 25 NA NA "AA"
"279" 246.74 "TriS" 1992 "Thriller" "R" NA 6.9 123 "ns" 0 0 0 59 42 2.4 246.74 102.72 NA 25 19 58 36 19 33 "Thriller"
"280" 212.8 "MGM" 1995 "Action" "PG-13" NA 7.2 130 "ns" 0 0 0 72 66 NA 212.8 NA NA 2 10 17 20 13 11 "Action"
"281" 246.48 "DW" 2002 "Comedy / Drama" "PG-13" 3225 8 140 "hs" 0 0 0 195 85 3.17 246.48 77.87 45.07 175 168 85 195 76 115 "Comedy"
"282" 125.95 "LG/S" 2013 "Thriller" "PG-13" 3082 7.3 116 "ss" 0 0 0 NA NA 1.57 125.95 80.26 31.46 NA NA 20 54 26 108 "Thriller"
"283" 253.78 "MGM" 2001 "Thriller" "R" 3292 8.6 131 "ns" 0 0 0 NA NA 1.9 253.78 133.73 NA 2 9 1 14 25 34 "Thriller"
"284" 249.55 "NL" 1994 "Comedy" "PG-13" NA 6.9 97 "ss" 0 0 0 52 65 5.21 249.55 47.87 NA 1 5 45 88 3 3 "Comedy"
"285" 154.95 "WB" 2013 "Drama" "PG-13" 3550 7.3 143 "ns" 0 0 0 NA NA 1.38 154.95 112.36 53.61 33 49 NA NA NA NA "Drama"
"286" 252.26 "Fox" 1994 "Action Thriller" "R" 2169 7.2 116 "ss" 0 0 0 60 82 4.04 252.26 62.44 NA 0 7 11 20 23 16 "Action"
"287" 222.26 "BV" 2000 "Animation" "PG" NA 6.4 82 "ns" 0 0 0 122 53 1.08 222.26 205.8 NA 0 4 14 1 30 67 "Animation"
"288" 260.63 "Par." 1998 "Action Drama" "PG-13" NA 6.1 120 "ns" 0 0 0 52 36 NA 260.63 NA NA 4 11 56 59 1 8 "Action"
"289" 233.89 "Uni." 2012 "Animation" "PG" 3769 6.5 95 "ns" 0 0 0 NA NA 3.06 233.89 76.51 76.73 0 15 11 39 4 12 "Animation"
"290" 109.04 "Fox" 2014 "Sci-Fi Thriller" "PG-13" 3638 6.8 113 "ns" 0 0 0 NA NA 3.01 109.04 36.21 34.61 2 0 6 3 NA NA "Sci-Fi"
"291" 75.98 "Sony" 2013 "Family Comedy" "PG" 3867 5.4 105 "ss" 0 0 1 NA NA 0.68 75.98 112.36 18.73 NA NA 15 25 21 50 "Family"
"292" 242.37 "BV" 2004 "Adventure" "PG" 3243 6.9 131 "ns" 0 0 0 NA NA 1.73 242.37 140.1 49.17 0 2 40 60 10 15 "Adventure"
"293" 347.69 "NL" 2001 "Action Comedy" "PG-13" NA 6.6 90 "ss" 0 0 1 NA NA 2.51 347.69 138.34 NA 3 4 36 44 8 24 "Action"
"294" 202.86 "Fox" 2004 "Sci-Fi Thriller" "PG-13" 3494 7.1 105 "ss" 0 0 0 NA NA 1.21 202.86 168.12 73.13 6 5 56 NA NA NA "Sci-Fi"
"295" 283.2 "BV" 1995 "Animation" "G" NA 6.6 81 "ss" 0 0 0 52 44 NA 283.2 NA NA 3 1 6 2 NA NA "Animation"
"296" 419.67 "Uni." 2000 "Family Comedy" "PG" 3256 6 104 "ns" 0 0 0 130 41 2.11 419.67 198.53 88.94 38 65 45 88 0 7 "Family"
"297" 146.02 "Fox" 2011 "Family Comedy" "G" NA 4.4 87 "hs" 0 0 1 NA NA 1.77 146.02 82.28 NA 6 6 2 22 7 15 "Family"
"298" 271.61 "Uni." 1994 "Family Comedy" "PG" NA 7.5 91 "ss" 0 0 0 42 12 2.84 271.61 95.74 NA 8 15 1 0 NA NA "Family"
"299" 162.97 "Uni." 2008 "AA" "R" 3185 6.7 108 "ss" 0 0 0 47 76 1.79 162.97 90.88 NA 3 9 11 25 56 69 "AA"
"300" 161.61 "BV" 2007 "Family Adventure" "PG" 3730 7.1 107 "hs" 0 0 0 187 82 1.5 161.61 107.49 43.5 2 4 54 146 8 20 "Family"
"301" 113.52 "WB" 2014 "Period Action" "R" 3490 6.3 102 "ns" 0 0 1 NA NA 0.97 113.52 117.14 47.92 2 7 0 4 3 15 "Period"
"302" 368 "WB" 1995 "AA" "PG-13" 2893 5.4 122 "ss" 2 1 0 58 30 1.84 368 200 105.6 9 8 5 13 40 89 "AA"
"303" 100.12 "BV" 2010 "Adventure" "PG-13" 3646 6.6 115 "ss" 0 0 1 NA NA 0.45 100.12 220.53 33.19 13 10 34 82 1 7 "Adventure"
"304" 205.88 "P/DW" 2006 "Animation" "PG" 4093 6.8 87 "ns" 0 0 0 168 63 NA 205.88 NA 51.14 2 1 21 37 17 44 "Animation"
"305" 113.56 "WB (NL)" 2012 "Adventure" "PG" 3500 5.8 94 "ns" 0 0 1 NA NA 1.32 113.56 86.34 29.84 0 2 3 28 37 60 "Adventure"
"306" 263.95 "BV" 1996 "Action" "R" 2426 7.4 136 "ss" 0 0 0 57 49 1.79 263.95 147.62 49.4 7 10 37 27 40 60 "Action"
"307" 154.49 "Par." 2008 "Fantasy Drama" "PG-13" 2988 7.8 168 "hs" 0 0 0 238 60 0.85 154.49 181.75 32.59 57 101 144 177 64 136 "Fantasy"
"308" 465.81 "Par." 1984 "Period Adventure" "PG" 1687 7.6 118 "ss" 0 0 0 NA NA 6.42 465.81 72.5 NA 175 168 32 36 NA NA "Period"
"309" 237.5 "MGM" 1997 "Action" "PG-13" NA 6.5 119 "hs" 0 0 0 82 45 NA 237.5 NA NA 7 6 17 20 6 14 "Action"
"310" 259.69 "Uni." 1989 "Sci-Fi Adventure" "PG" NA 7.8 108 "hs" 0 0 1 60 51 2.96 259.69 87.66 NA 33 33 29 55 30 16 "Sci-Fi"
"311" 204.14 "Sony" 2014 "Action Comedy" "R" 3426 7.1 112 "ss" 0 0 0 196 74 3.83 204.14 53.24 60.8 11 12 5 56 19 53 "Action"
"312" 209.97 "Fox" 2005 "AA" "PG-13" 3619 5.7 123 "ss" 4 1 0 NA NA 1.55 209.97 135.73 76.14 0 6 2 4 14 37 "AA"
"313" 268.26 "Uni." 2000 "Comedy" "PG-13" 2697 7 108 "ns" 0 0 0 146 73 3.02 268.26 88.78 46.16 9 5 48 82 13 52 "Comedy"
"314" 331.28 "BV" 1988 "Fantasy Comedy" "PG" NA 7.7 103 "ss" 0 0 0 61 86 2.24 331.28 148.18 NA 33 33 23 15 30 16 "Fantasy"
"315" 117.98 "FoxS" 2010 "Drama / Thriller" "R" NA 8 103 "hs" 0 0 0 275 75 8.23 117.98 14.33 NA 32 73 58 85 12 49 "Drama"
"316" 294.73 "WB" 2000 "Action Drama" "PG-13" NA 6.4 129 "ss" 0 0 0 NA NA 1.3 294.73 225.97 NA 10 8 87 193 20 60 "Action"
"317" 409.91 "Par." 1986 "Adventure Comedy" "PG-13" NA 6.5 93 "ns" 0 0 0 NA NA NA 409.91 NA NA NA NA 3 16 0 1 "Adventure"
"318" 200.2 "NL" 1995 "Thriller" "R" 2528 8.6 127 "ns" 0 0 0 69 69 3.03 200.2 66 NA 57 101 56 69 2 3 "Thriller"
"319" 165.63 "Fox" 2006 "Comedy" "PG-13" 2882 6.8 106 "ss" 0 0 0 187 63 3.56 165.63 46.49 36.53 7 6 163 321 65 95 "Comedy"
"320" 92.16 "Fox" 2015 "Action" "PG-13" 3594 6 109 "ns" 0 0 1 NA NA 1.86 92.16 49.54 40.46 2 2 15 35 57 48 "Action"
"321" 197.03 "BV" 1996 "Animation" "G" NA 6.9 91 "ss" 0 0 0 52 61 1 197.03 196.83 NA 1 5 7 37 4 10 "Animation"
"322" 159.96 "BV" 2009 "Animation" "PG" 3683 NA 96 "ns" 0 0 0 NA NA 0.69 159.96 232 34.92 NA NA NA NA NA NA "Animation"
"323" 168.22 "Par." 2015 "Animation" "PG" 3680 6 93 "ns" 5 1 1 NA NA 2.2 168.22 76.37 57.17 2 10 33 39 4 13 "Animation"
"324" 163.63 "P/DW" 2010 "Animation" "PG" 3949 7.3 96 "ns" 5 1 0 NA NA 1.14 163.63 143.35 50.72 0 8 9 61 64 136 "Animation"
"325" 303.35 "WB" 1992 "Action Comedy" "R" 2568 6.7 118 "ns" 0 0 1 43 44 4.13 303.35 73.37 NA 9 7 32 30 22 41 "Action"
"326" 116.11 "Uni." 2010 "Period Adventure" "PG-13" 3505 6.7 148 "ns" 0 0 0 52 38 0.53 116.11 220.53 39.81 31 87 36 66 144 177 "Period"
"327" 139.78 "Wein." 2009 "War" "R" 3358 8.3 152 "ss" 0 0 0 299 78 1.72 139.78 81.2 44.2 120 163 64 136 18 23 "War"
"328" 201.95 "Uni." 1993 "War Drama" "R" NA 8.9 194 "hs" 0 0 0 85 85 4.37 201.95 46.23 NA 175 168 15 35 45 65 "War"
"329" 268.09 "BV" 1996 "Family Comedy" "G" NA 7 103 "hs" 0 0 0 NA NA NA 268.09 NA NA NA NA NA NA NA NA "Family"
"330" 348.45 "Par." 1987 "Thriller" "R" NA 6.9 123 "ns" 0 0 0 NA NA NA 348.45 NA NA 4 4 58 36 49 91 "Thriller"
"331" 145.33 "Par." 2010 "Fantasy" "PG" 3203 4.2 103 "ss" 0 0 0 NA NA 0.88 145.33 165.4 NA 12 36 0 1 12 22 "Fantasy"
"332" 147.03 "WB (NL)" 2013 "Horror" "R" 3115 7.5 112 "ss" 0 0 0 199 75 6.87 147.03 21.4 44.84 10 8 17 68 2 16 "Horror"
"333" 190.24 "BV" 2009 "Romantic Comedy" "PG-13" 3158 6.7 108 "ss" 0 0 0 NA NA 4.1 190.24 46.4 38.98 NA NA 72 102 8 32 "Romantic"
"334" 607.96 "Par." 1984 "Action Comedy" "R" NA 7.3 105 "hs" 0 0 0 49 1 NA 607.96 NA NA 3 5 30 67 0 1 "Action"
"335" 327.91 "Sony" 1997 "Action Thriller" "R" 2981 6.4 124 "ss" 0 0 0 53 67 2.04 327.91 161.11 NA 10 8 32 36 24 44 "Action"
"336" 183.77 "BV" 2005 "Animation" "G" 3658 5.8 81 "ns" 0 0 0 NA NA 0.9 183.77 203.59 54.29 0 3 11 40 13 14 "Animation"
"337" 281.47 "Sony" 1997 "Romantic Comedy" "PG" NA 7.7 139 "hs" 0 0 0 76 75 NA 281.47 NA NA 45 73 84 95 47 65 "Romantic"
"338" 262.38 "Uni." 2001 "Period Drama" "PG-13" 1837 8.2 136 "hs" 0 0 0 204 63 3.41 262.38 76.86 NA 38 65 36 66 25 49 "Period"
"339" 125.91 "BV" 2015 "Animation" "PG-13" NA 6.9 100 "hs" 0 0 0 NA NA 2.1 125.91 59.86 NA 14 33 11 24 54 50 "Animation"
"340" 84.32 "Fox" 2015 "AA" "PG" NA 6.4 131 "ns" 0 0 1 NA NA NA 84.32 NA NA 2 0 6 3 NA NA "AA"
"341" 352.8 "NL" 1999 "Comedy" "PG-13" 3792 6.6 95 "ss" 0 0 1 85 39 3.38 352.8 104.47 51.89 9 5 28 38 5 10 "Comedy"
"342" 148.2 "WB" 2007 "Crime Comedy" "PG-13" NA 6.9 113 "ss" 0 0 0 NA NA 3.55 148.2 41.73 NA 29 74 87 193 64 136 "Crime"
"343" 163.63 "Uni." 2010 "Comedy" "PG-13" 3565 5.5 98 "hs" 0 0 0 NA NA NA 163.63 NA 39.81 2 9 48 82 13 52 "Comedy"
"344" 138.25 "BV" 2008 "Animation" "PG-13" 3675 6.9 96 "hs" 0 0 0 177 78 1.14 138.25 121.17 37.32 1 7 40 49 21 47 "Animation"
"345" 268.68 "BV" 1996 "Thriller" "PG" 3654 6.6 121 "ns" 0 0 0 69 63 0.91 268.68 295.25 51.57 38 65 32 30 4 28 "Thriller"
"346" 260.83 "Par." 1999 "Romantic Comedy" "R" 2768 5.4 116 "ss" 0 0 0 NA NA NA 260.83 NA NA 13 14 51 86 20 26 "Romantic"
"347" 296.96 "WB" 2009 "Sports Drama" "PG" 3240 7.7 126 "hs" 0 0 0 NA NA 3.66 296.96 81.2 NA 3 5 72 102 3 13 "Sports"
"348" 256.94 "WB" 2004 "Animation" "PG-13" 3407 6.6 100 "ns" 0 0 0 NA NA 6.32 256.94 40.63 47.77 33 33 76 115 1 1 "Animation"
"349" 133 "Fox" 2014 "Drama" "G" 3650 7.9 125 "ss" 0 0 0 NA NA 0.76 133 175.7 24.81 1 1 31 56 8 9 "Drama"
"350" 217.3 "Sony" 2006 "Drama" "PG-13" 3340 7.9 116 "hs" 0 0 0 NA NA 13.63 217.3 15.94 63.76 12 23 56 106 8 19 "Drama"
"351" 113.01 "P/DW" 2012 "Animation" "PG-13" 3169 7.3 97 "hs" 0 0 0 NA NA 1.88 113.01 60.11 28.96 3 5 6 15 40 87 "Animation"
"352" 255.61 "Mira." 2002 "Musical" "PG" 3672 7.2 107 "hs" 0 0 0 244 75 1.18 255.61 217.13 35.64 14 21 7 19 NA NA "Musical"
"353" Inf "LGF" 2016 "Animation" "PG-13" NA 6.7 95 "ns" 0 0 1 NA NA 1.89 Inf Inf NA 4 9 55 58 1 2 "Animation"
"354" 91.48 "WB" 2012 "Action" "R" 3355 5.8 102 "ss" 0 0 0 NA NA 0.84 91.48 109.3 31.26 2 2 6 14 15 35 "Action"
"355" 73.56 "Fox" 2012 "Fantasy" "PG-13" 3545 5.3 99 "ns" 0 0 0 NA NA 0.45 73.56 163.94 36.61 NA NA 21 37 0 2 "Fantasy"
"356" 129.06 "BV" 2013 "Action" "R" 3555 7.5 97 "ns" 0 0 0 73 75 1.31 129.06 98.45 26.54 2 0 2 4 2 5 "Action"
"357" 245.05 "Col." 1998 "Animation" "G" NA 7.7 88 "ss" 0 0 0 NA NA NA 245.05 NA NA 175 168 16 16 30 27 "Animation"
"358" 255.15 "Uni." 1977 "Sci-Fi" "PG" NA 5.9 137 "ns" 0 0 0 NA NA 3.27 255.15 78.03 NA 1 15 2 7 7 10 "Sci-Fi"
"359" 198.26 "Uni." 2012 "Action" "PG-13" 3702 6.8 131 "ns" 0 0 0 53 70 0.87 198.26 228.43 NA 1 0 45 88 2 9 "Action"
"360" 284.69 "Par." 1997 "Fantasy Comedy" "PG-13" 2909 5.8 86 "ns" 0 0 1 NA NA NA 284.69 NA 59.52 1 3 1 8 7 8 "Fantasy"
"361" 138.85 "TriS" 2009 "Action" "PG-13" 4007 6.7 118 "ss" 0 0 0 40 19 0.68 138.85 203 63.45 175 168 58 49 63 80 "Action"
"362" 264.31 "UA" 1991 "Fantasy" "PG" NA 6.7 142 "hs" 0 0 0 NA NA 1.83 264.31 144.66 NA 55 58 55 58 5 7 "Fantasy"
"363" 368.59 "TriS" 1985 "Sports Drama" "PG" NA 6.4 91 "hs" 0 0 1 NA NA NA 368.59 NA NA 1 2 55 58 2 9 "Sports"
"364" 294.57 "Uni." 1985 "Action" "R" NA 6 94 "ss" 0 0 0 NA NA NA 294.57 NA NA 1 3 20 71 5 21 "Action"
"365" 188.01 "WB" 2004 "Period Horror" "PG-13" 3580 7.3 130 "ns" 2 1 0 258 64 0.84 188.01 224.15 72.43 9 7 30 32 31 37 "Period"
"366" 520.51 "Sony" 1978 "AA" "PG" NA 5.9 143 "hs" 0 0 0 97 54 2.55 520.51 204.49 NA 1 4 29 55 8 22 "AA"
"367" 263.23 "Par." 1999 "Family Adventure" "PG" 3151 6.4 84 "hs" 0 0 0 49 1 1.16 263.23 227.78 NA 5 13 30 67 0 1 "Family"
"368" 270.12 "Fox" 1987 "Action Comedy" "R" NA 7.8 103 "ss" 0 0 1 NA NA NA 270.12 NA NA 0 2 8 43 45 75 "Action"
"369" 240.91 "Sony" 1997 "Romantic Comedy" "PG-13" NA 6.3 105 "ss" 0 0 0 56 59 3.34 240.91 72.03 NA 3 5 51 86 7 9 "Romantic"
"370" 93.8 "BV" 2011 "Action Drama" "PG-13" 3440 7.1 127 "ns" 0 0 0 NA NA NA 93.8 NA 29.95 3 1 20 71 1 4 "Action"
"371" 134.37 "LG/S" 2015 "AA" "PG-13" 3875 6.3 119 "ns" 0 0 1 NA NA 1.18 134.37 113.52 53.98 3 3 80 144 0 2 "AA"
"372" 187.21 "Fox" 2008 "Animation" "G" NA 6.9 88 "ns" 0 0 0 131 67 1.82 187.21 102.99 NA NA NA 45 88 32 115 "Animation"
"373" 307.02 "TriS" 1989 "Family Comedy" "PG-13" NA 5.8 93 "ns" 0 0 0 NA NA NA 307.02 NA NA 3 2 40 49 6 33 "Family"
"374" 319.4 "NL" 2002 "Comedy" "PG-13" NA 6.2 94 "ss" 0 0 0 NA NA 3.39 319.4 94.34 NA 9 5 28 38 36 97 "Comedy"
"375" 253.9 "Fox" 2000 "AA" "PG-13" 3112 7.4 104 "ss" 4 1 0 166 70 2.1 253.9 121.06 NA 14 20 20 71 9 36 "AA"
"376" 66.27 "SGem" 2010 "Action Horror" "R" 3209 6.3 100 "ns" 0 0 1 NA NA 1 66.27 66.16 29.44 1 4 3 16 NA NA "Action"
"377" 627.12 "Col." 1984 "Horror Comedy" "PG" 1506 7.8 107 "ss" 0 0 0 NA NA 8.07 627.12 77.68 NA 8 11 49 63 3 14 "Horror"
"378" 141.14 "Par." 2010 "Period Drama" "R" 3356 8.1 138 "ns" 0 0 0 NA NA 1.6 141.14 88.21 45.32 135 185 85 195 26 108 "Period"
"379" 267.49 "Fox" 1998 "Family Comedy" "PG-13" NA 5.3 85 "ss" 0 0 0 NA NA NA 267.49 NA NA 8 13 30 67 11 15 "Family"
"380" 130.44 "Sony" 2010 "Action Thriller" "PG-13" 3612 6.4 99 "ss" 0 0 0 48 85 1.08 130.44 121.29 39.7 23 10 47 93 11 25 "Action"
"381" 138.5 "BV" 2009 "Family Adventure" "PG" 3697 5.1 90 "ss" 0 0 0 NA NA 0.8 138.5 174 36.77 2 4 15 25 5 20 "Family"
"382" 250.99 "DW" 2000 "Horror" "PG-13" 2925 6.6 130 "ss" 0 0 0 NA NA 1.55 250.99 161.41 47.94 33 33 23 36 NA NA "Horror"
"383" 175.86 "WB" 2006 "Crime Drama" "R" NA 8.5 150 "ns" 0 0 0 263 80 1.47 175.86 119.54 NA 135 185 85 195 34 122 "Crime"
"384" 186.06 "Mira." 1998 "Period Comedy" "R" NA 7.2 123 "hs" 0 0 0 130 81 4.01 186.06 46.38 NA 11 18 43 75 24 70 "Period"
"385" 166.79 "Fox" 2007 "AA" "PG" 3963 5.6 89 "ss" 4 1 1 NA NA 1.01 166.79 164.39 73.47 0 6 2 4 14 37 "AA"
"386" 160.69 "LG/S" 2014 "AA" "PG-13" 3936 6.8 143 "ns" 0 0 0 NA NA 1.78 160.69 90.51 58.14 2 5 31 56 3 4 "AA"
"387" 271.37 "Par." 1988 "Romantic Comedy" "R" NA 6.9 116 "ss" 0 0 0 NA NA NA 271.37 NA NA 8 14 30 67 4 4 "Romantic"
"388" 246.85 "Uni." 2004 "Action Thriller" "PG-13" 3304 7.8 108 "ss" 0 0 0 190 70 2.35 246.85 105.07 NA 34 62 34 122 8 7 "Action"
"389" 185.52 "Uni." 2011 "Comedy" "R" 2958 6.8 125 "ns" 0 0 0 265 79 5.2 185.52 35.66 28.74 7 10 8 55 0 17 "Comedy"
"390" 105.08 "WB (NL)" 2010 "Romantic Comedy" "R" 3445 4.3 147 "ss" 0 0 1 NA NA 0.95 105.08 110.27 34.18 6 22 28 43 5 10 "Romantic"
"391" 200.6 "Uni." 1995 "Family Comedy" "PG" NA 6 101 "ss" 0 0 0 NA NA NA 200.6 NA NA 0 4 1 0 NA NA "Family"
"392" 160.09 "P/DW" 2007 "Animation" "PG" NA 6.2 90 "ns" 0 0 0 NA NA 0.84 160.09 189.68 NA 1 2 14 38 25 71 "Animation"
"393" 223.03 "Uni." 2001 "Comedy" "R" 3157 6.4 104 "ss" 0 0 1 NA NA 4.84 223.03 46.11 69.32 0 6 4 15 3 4 "Comedy"
"394" 190.2 "Uni." 2015 "Comedy" "PG-13" 3660 6.5 115 "ns" 0 0 1 NA NA 6.36 190.2 29.93 NA 11 32 13 57 5 14 "Comedy"
"395" 234.28 "WB" 1999 "Period Drama" "R" 2875 8.5 188 "hs" 0 0 0 132 69 2.28 234.28 102.76 NA 12 24 76 115 5 13 "Period"
"396" 95.35 "Uni." 2013 "Sci-Fi Adventure" "PG-13" 3792 7 125 "ns" 0 0 0 NA NA 0.74 95.35 128.41 39.7 NA NA 39 76 56 69 "Sci-Fi"
"397" 99.63 "TriS" 2013 "Sci-Fi" "R" 3284 6.6 109 "ss" 0 0 0 NA NA 0.81 99.63 123.06 31.89 11 32 34 122 54 43 "Sci-Fi"
"398" 241.89 "WB" 1998 "Action Comedy" "R" 3117 6.6 127 "ss" 0 0 1 66 40 0.93 241.89 259.7 NA 9 7 32 30 22 41 "Action"
"399" 284.07 "NL" 2005 "Comedy" "R" 3131 7 113 "ss" 0 0 0 182 63 5.23 284.07 54.29 46.01 1 1 14 45 7 12 "Comedy"
"400" 79.9 "BV" 2012 "Sci-Fi Adventure" "PG-13" 3749 6.6 132 "ns" 0 0 0 NA NA 0.29 79.9 273.24 33.01 32 50 2 7 0 2 "Sci-Fi"
"401" 88.82 "Fox" 2013 "Animation" "PG" 3809 6.5 96 "ss" 0 0 0 NA NA 0.61 88.82 144.46 22.79 0 2 8 32 45 58 "Animation"
"402" 109.9 "Mira." 2001 "Romantic Comedy" "R" 2547 6.7 97 "ns" 0 0 0 154 70 2.86 109.9 38.43 NA 0 4 25 71 3 6 "Romantic"
"403" 74.54 "Sony" 2010 "Romantic Thriller" "PG-13" 2756 6 103 "hs" 0 0 0 NA NA 0.68 74.54 110.27 NA 55 7 65 115 47 93 "Romantic"
"404" 253.41 "Mira." 2000 "Horror Comedy" "R" 3301 7.2 88 "ss" 0 0 0 NA NA 8.26 253.41 30.67 NA 10 4 32 57 0 2 "Horror"
"405" 212.78 "SonR" 2002 "Action" "PG-13" 3536 5.8 113 "ss" 0 0 0 NA NA 2.03 212.78 104.82 66.64 3 1 7 26 14 13 "Action"
"406" 123.72 "Uni." 2012 "Action" "PG-13" 3753 6.7 135 "ss" 0 0 0 NA NA 0.91 123.72 136.62 41.64 4 36 30 53 0 1 "Action"
"407" 118.73 "Fox" 2014 "Animation" "PG" NA 6.9 90 "ns" 0 0 0 NA NA 0.77 118.73 154.41 NA 1 4 17 33 2 5 "Animation"
"408" 229.55 "WB" 2002 "Family Adventure" "PG" 3447 4.9 86 "ss" 0 0 0 NA NA 1.83 229.55 125.78 81.16 NA NA 8 12 17 29 "Family"
"409" 199.14 "BV" 2012 "Historical Drama" "PG-13" NA 7.4 145 "ns" 0 0 0 166 72 2.8 199.14 71.04 NA 175 168 136 63 43 70 "Historical"
"410" 15.12 "BV" 2002 "Animation" "PG" NA 8.6 124 "ns" 0 0 0 179 86 NA 15.12 NA NA 73 33 1 0 NA NA "Animation"
"411" 201.67 "Par." 2001 "AA" "PG-13" NA 5.7 100 "ss" 0 0 1 NA NA 1.14 201.67 176.77 NA 4 9 47 93 24 30 "AA"
"412" 113.68 "LGF" 2010 "Action" "R" 3398 6.5 103 "ss" 0 0 0 NA NA 1.29 113.68 88.21 38.37 55 58 55 58 1 2 "Action"
"413" 128.2 "Sony" 2013 "Animation" "PG" 4001 6.5 95 "ns" 0 0 1 NA NA 1.54 128.2 83.47 36.38 0 2 3 15 1 18 "Animation"
"414" 253.52 "Uni." 1996 "Comedy" "PG-13" NA 5.6 103 "ss" 0 0 0 55 52 2.39 253.52 106.29 NA 1 0 30 67 5 22 "Comedy"
"415" 303.12 "Sony" 1996 "Comedy / Drama" "R" NA 7.3 138 "hs" 0 0 0 59 74 3.08 303.12 98.42 NA 20 42 39 76 17 34 "Comedy"
"416" 199.97 "Sony" 2003 "Action Comedy" "R" 3202 6.6 147 "ss" 0 0 0 NA NA 1.07 199.97 187.56 67.09 7 10 5 11 56 106 "Action"
"417" 218.32 "BV" 2002 "Animation" "PG" NA 7.2 85 "ss" 0 0 0 145 75 1.82 218.32 119.79 NA 7 22 3 3 7 21 "Animation"
"418" 270.09 "Orion" 1991 "Thriller" "R" NA 8.6 118 "ns" 0 0 0 73 84 6.88 270.09 39.26 NA 26 28 54 43 NA NA "Thriller"
"419" 178.63 "Sony" 2010 "Comedy" "PG-13" 3534 6 102 "ss" 0 0 0 NA NA 2.02 178.63 88.21 44.66 1 4 50 68 1 13 "Comedy"
"420" 159.94 "Uni." 2014 "Comedy" "R" 3311 6.4 96 "ns" 0 0 0 57 65 8.34 159.94 19.17 NA 1 7 11 26 12 23 "Comedy"
"421" 332.66 "Par." 1993 "Thriller" "R" NA 6.8 154 "ss" 0 0 0 52 63 NA 332.66 NA NA 26 39 39 76 0 7 "Thriller"
"422" 160.94 "WB (NL)" 2013 "Comedy" "R" 3445 7 110 "ss" 0 0 0 NA NA 4.06 160.94 39.59 28.25 0 1 33 73 0 5 "Comedy"
"423" 179.45 "WB" 2008 "Action Drama" "R" NA 8.2 116 "hs" 0 0 0 224 67 4.49 179.45 39.99 NA 143 148 143 148 NA NA "Action"
"424" 114.87 "WB" 2008 "Period Adventure" "PG-13" 3454 5.1 109 "ns" 0 0 0 NA NA 0.9 114.87 127.23 43.5 13 14 0 1 0 5 "Period"
"425" 115.04 "Fox" 2013 "Animation" "PG" 3894 6.7 102 "ss" 0 0 0 110 81 1.07 115.04 107.01 35.85 6 6 0 1 0 11 "Animation"
"426" 69.22 "Fox" 2014 "Drama" "PG-13" 3503 6.1 150 "hs" 0 0 1 NA NA 0.46 69.22 149.08 25.66 31 87 64 76 12 25 "Drama"
"427" 3293.11 "RKO" 1942 "Animation" "G" NA 7.4 69 "ss" 0 0 0 NA NA NA 3293.11 NA NA 10 3 NA NA NA NA "Animation"
"428" 121.1 "BV" 2009 "Animation" "G" NA 7.2 95 "hs" 0 0 0 185 73 0.99 121.1 121.8 NA 7 8 5 19 1 1 "Animation"
"429" 341.29 "WB" 1992 "AA" "PG-13" 2644 7 126 "ss" 2 1 0 70 69 2.04 341.29 167.71 95.8 20 58 58 36 11 39 "AA"
"430" 179.92 "Sony" 2003 "Romantic Comedy" "PG-13" 2876 6.7 128 "hs" 0 0 0 NA NA 1.56 179.92 115.42 23.23 6 5 84 95 30 50 "Romantic"
"431" 224.01 "Par." 1993 "Romance" "R" NA 5.8 116 "ns" 0 0 0 NA NA NA 224.01 NA NA 4 4 34 47 12 28 "Romance"
"432" 164.64 "Uni." 2007 "Crime Drama" "R" 3110 7.8 160 "ns" 0 0 0 209 69 1.3 164.64 126.45 55.13 31 87 68 103 36 66 "Crime"
"433" 176.4 "Uni." 1995 "Sci-Fi Adventure" "PG-13" 2420 6.1 136 "ss" 0 0 0 50 31 0.5 176.4 350 NA 2 5 46 49 NA NA "Sci-Fi"
"434" 232.99 "Par." 1998 "Comedy / Drama" "PG" NA 8.1 103 "ss" 0 0 0 125 83 NA 232.99 NA NA 32 56 45 88 37 88 "Comedy"
"435" 202.25 "Sony" 2000 "Action Comedy" "PG-13" 3037 5.5 98 "ns" 0 0 0 141 55 1.35 202.25 150.11 NA 24 38 28 82 32 57 "Action"
"436" 120.93 "Sony" 1997 "Sci-Fi Action" "PG-13" NA 7.6 126 "ns" 0 0 0 59 59 NA 120.93 NA NA 24 22 21 37 24 44 "Sci-Fi"
"437" 163.34 "Uni." 2008 "AA" "PG-13" 3508 6.8 114 "ss" 6 1 0 NA NA 0.9 163.34 181.75 NA NA NA 46 79 12 19 "AA"
"438" 201 "Sony" 1995 "Family Adventure" "PG" 2530 6.9 104 "hs" 0 0 0 NA NA 1.55 201 130 NA 2 6 63 80 0 1 "Family"
"439" 56.32 "Uni." 2004 "Romantic Comedy" "R" NA 5.9 108 "ns" 0 0 1 NA NA 1.01 56.32 56.04 NA 3 2 25 71 3 6 "Romantic"
"440" 84.24 "Fox" 2010 "Comedy" "PG-13" 3104 6.3 130 "ss" 0 0 0 NA NA 0.65 84.24 129.01 22.16 5 4 39 76 28 82 "Comedy"
"441" 170.68 "Fox" 2006 "Comedy" "R" 2611 7.3 84 "ns" 0 0 1 212 81 7.14 170.68 23.91 35.2 4 19 24 35 1 2 "Comedy"
"442" 245.57 "Sony" 1990 "Sci-Fi Action" "R" NA 7.5 113 "ss" 0 0 0 52 74 1.84 245.57 133.69 NA 25 19 23 31 0 4 "Sci-Fi"
"443" 83.64 "Sony" 2009 "Concert" "PG" NA 7.3 121 "ns" 0 0 0 179 70 NA 83.64 NA NA 13 11 16 15 0 4 "Concert"
"444" 174 "Fox" 2005 "Animation" "PG" 3776 6.3 90 "ns" 0 0 0 NA NA 1.71 174 101.79 48.86 6 6 5 9 41 79 "Animation"
"445" 95.56 "BV" 2013 "Western" "PG-13" 3904 6.5 149 "ss" 0 0 0 NA NA 0.42 95.56 230.07 31.25 7 10 65 115 6 11 "Western"
"446" 139.33 "Par." 2011 "Sci-Fi" "PG-13" 3424 7.1 112 "ss" 0 0 0 269 71 2.54 139.33 54.85 38.95 18 41 2 5 0 2 "Sci-Fi"
"447" 78.74 "W/Dim." 2015 "Family" "PG" 3355 7.2 95 "ns" 0 0 0 133 87 1.39 78.74 56.76 NA 0 4 NA NA NA NA "Family"
"448" 145.43 "Sony" 2003 "Action Comedy" "PG-13" 3485 4.8 105 "ss" 0 0 1 NA NA 0.84 145.43 173.13 NA 24 38 28 82 32 57 "Action"
"449" 177.16 "NL" 2007 "Action Comedy" "PG-13" 3778 6.2 90 "ss" 0 0 1 NA NA 1 177.16 177.03 62.09 3 4 8 24 36 44 "Action"
"450" 87.19 "FoxS" 1997 "Comedy" "R" NA 7.2 91 "ss" 0 0 0 44 84 13.14 87.19 6.63 NA 19 11 13 20 1 7 "Comedy"
"451" 89.77 "WB (NL)" 2014 "Horror" "R" 3215 5.4 95 "ns" 0 0 0 NA NA 12.97 89.77 6.92 39.51 1 4 0 1 NA NA "Horror"
"452" 159.99 "BV" 2004 "Period Horror" "PG-13" 3733 6.5 108 "ss" 0 0 0 NA NA 1.9 159.99 84.06 71.03 12 36 14 23 30 110 "Period"
"453" 202.73 "Uni." 2000 "Drama" "R" 3070 7.3 130 "ns" 0 0 0 143 73 2.42 202.73 83.93 NA 29 74 51 86 NA NA "Drama"
"454" 176.52 "TriS" 1993 "Action Thriller" "R" NA 6.4 113 "ss" 0 0 0 49 57 1.2 176.52 147.1 NA 3 12 55 58 21 46 "Action"
"455" 127.4 "Uni." 1995 "Family" "G" NA 6.8 92 "ss" 0 0 0 70 86 NA 127.4 NA NA 4 8 2 2 1 2 "Family"
"456" 212.82 "BV" 2007 "Comedy" "PG-13" 3401 5.9 99 "ns" 0 0 0 NA NA NA 212.82 NA 50.2 0 1 23 32 40 49 "Comedy"
"457" 109.78 "BV" 2008 "Musical" "G" 3626 4.4 100 "ns" 0 0 1 NA NA 8.24 109.78 13.33 50.89 13 11 24 26 4 17 "Musical"
"458" 187.84 "BV" 1997 "Animation" "G" NA 7.2 92 "ss" 0 0 0 52 72 1.17 187.84 161.11 NA 7 8 5 8 2 13 "Animation"
"459" 188.78 "Par." 2010 "Western" "PG-13" 3464 7.7 110 "hs" 0 0 0 261 85 4.51 188.78 41.9 NA 109 252 31 67 23 30 "Western"
"460" 85.86 "Gram." 1997 "Comedy" "PG-13" NA 6.3 90 "ns" 0 0 0 59 86 2.52 85.86 34.12 NA 1 0 7 14 5 14 "Comedy"
"461" 160.62 "Sony" 2013 "Drama" "R" NA 7.3 138 "hs" 0 0 0 251 82 3.75 160.62 42.8 NA 42 99 64 76 29 65 "Drama"
"462" 214.81 "WB" 1998 "Romantic Comedy" "PG" 2948 6.5 119 "hs" 0 0 0 83 57 1.78 214.81 120.58 NA 7 18 76 115 10 25 "Romantic"
"463" 206.83 "BV" 1998 "Action Thriller" "R" NA 7.3 131 "hs" 0 0 0 84 59 1.24 206.83 166.95 NA 5 13 56 106 31 37 "Action"
"464" 123.07 "BV" 2003 "Animation" "G" NA 6.8 85 "ns" 0 0 0 NA NA NA 123.07 NA NA 0 1 30 110 0 7 "Animation"
"465" 174.56 "Sony" 1998 "Period Adventure" "PG-13" 2515 6.7 137 "ss" 0 0 0 69 72 0.99 174.56 176.23 NA 2 10 NA NA NA NA "Period"
"466" 99.62 "Fox" 2006 "Fantasy" "PG" 3030 5.1 99 "hs" 0 0 0 NA NA 0.75 99.62 132.82 30.82 6 16 1 2 27 30 "Fantasy"
"467" 193.32 "DW" 2002 "Horror" "PG-13" 2927 7.1 109 "ns" 0 0 0 225 80 2.69 193.32 71.88 NA 7 10 52 81 0 5 "Horror"
"468" 240.62 "Art." 1999 "Horror" "R" NA 6.4 86 "ss" 0 0 0 155 75 2.34 240.62 102.76 NA 5 8 2 4 3 2 "Horror"
"469" 153.34 "BV" 2000 "Thriller" "PG-13" 2708 7.2 106 "hs" 0 0 0 161 56 1.27 153.34 121.06 NA 12 36 21 37 31 76 "Thriller"
"470" 264.75 "NL" 1994 "Comedy" "PG-13" NA 7.3 101 "hs" 0 0 0 50 54 7.48 264.75 35.38 NA 4 4 45 88 11 34 "Comedy"
"471" 143.07 "Sony" 2013 "Comedy" "PG-13" 3491 5.4 101 "ss" 0 0 1 NA NA 1.67 143.07 85.61 44.41 1 4 50 68 1 13 "Comedy"
"472" 86.13 "Uni." 2003 "Romantic Comedy" "R" NA 7.7 128 "ns" 0 0 0 NA NA 1.49 86.13 57.71 NA 19 33 15 25 1 1 "Romantic"
"473" 135.49 "Par." 2011 "Animation" "PG" 3923 7.2 107 "ns" 0 0 0 213 76 0.91 135.49 148.11 NA 7 10 65 115 4 10 "Animation"
"474" 109.69 "Gram." 1994 "Romantic Comedy" "R" NA 7.1 118 "ns" 0 0 0 63 84 11.98 109.69 9.16 NA 13 10 15 18 NA NA "Romantic"
"475" 212.86 "Par." 1997 "Action" "R" 2851 7.3 138 "ss" 0 0 0 83 81 1.4 212.86 151.63 NA 18 15 40 49 40 60 "Action"
"476" 134.27 "Fox" 2015 "Animation" "G" NA 7.3 93 "ns" 0 0 0 155 76 1.31 134.27 102.17 NA 22 39 NA NA NA NA "Animation"
"477" 87.11 "WB" 2012 "Horror Comedy" "PG-13" 3755 8.1 113 "ns" 0 0 0 NA NA 0.53 87.11 163.94 32.46 6 6 0 1 0 2 "Horror"
"478" 190.74 "Uni." 2003 "AA" "PG-13" 3674 5.7 135 "ss" 6 1 0 NA NA 0.96 190.74 197.66 89.6 96 90 9 12 15 25 "AA"
"479" NA NA 2008 "Comedy" "None" NA 7.1 NA NA 0 0 0 NA NA NA NA NA NA 4 7 1 2 4 7 "Comedy"
"480" 690.88 "Par." 1972 "Crime Drama" "R" NA 9.2 175 "ns" 0 0 0 57 55 22.5 690.88 30.71 NA 49 47 30 32 43 63 "Crime"
"481" 77.42 "Par." 2014 "AA" "PG-13" 3595 7.2 98 "ss" 0 0 0 52 72 0.73 77.42 106.49 31.73 7 8 5 8 2 13 "AA"
"482" 180.38 "Uni." 1990 "Western" "PG" NA 7.4 118 "ss" 0 0 1 43 62 2.19 180.38 82.27 NA 33 33 29 55 30 16 "Western"
"483" 261.93 "NL" 1998 "Action Comedy" "PG-13" NA 6.9 97 "ns" 0 0 0 70 48 4.28 261.93 61.22 NA 3 4 2 2 36 44 "Action"
"484" 64.74 "Sony" 2013 "Sci-Fi" "PG-13" 3401 4.9 100 "ss" 0 0 0 NA NA 0.47 64.74 139.11 29.43 12 36 8 19 56 106 "Sci-Fi"
"485" 81.22 "Sony" 2015 "Action Comedy" "PG-13" 3723 5.7 105 "ss" 0 0 0 NA NA 0.89 81.22 90.82 24.77 6 18 50 68 1 13 "Action"
"486" 296.22 "Col." 1992 "Drama / Thriller" "R" NA 7.6 138 "hs" 0 0 0 57 70 3.53 296.22 83.86 NA 22 27 39 76 84 95 "Drama"
"487" 144.88 "Sony" 2009 "Animation" "PG" NA 7 81 "ns" 0 0 0 139 76 1.25 144.88 116 NA 11 12 3 15 1 18 "Animation"
"488" 174.9 "Uni." 2002 "Music Drama" "R" 2585 7 118 "ns" 0 0 0 206 64 2.85 174.9 61.39 76.67 49 26 30 50 10 24 "Music"
"489" 173.52 "Fox" 2008 "Comedy" "PG" 3505 7.1 120 "hs" 0 0 0 NA NA NA 173.52 NA 44.11 7 6 14 45 33 73 "Comedy"
"490" 62.4 "Sony" 2014 "Sci-Fi Action" "PG-13" 3372 5.7 108 "ns" 0 0 0 NA NA 0.59 62.4 106.49 23.11 5 2 NA NA 0 8 "Sci-Fi"
"491" 199.39 "WB" 1996 "Action" "R" NA 6.1 115 "ss" 0 0 0 45 24 1.01 199.39 196.83 NA 1 5 23 31 6 18 "Action"
"492" 123.23 "WB (NL)" 2008 "Adventure" "PG" 2830 5.8 92 "ss" 0 0 0 NA NA 1.7 123.23 72.7 25.45 1 11 8 10 16 20 "Adventure"
"493" 46.23 "SGem" 2012 "Action Horror" "R" 3016 5.4 95 "ns" 0 0 1 NA NA 0.65 46.23 71.04 23.06 2 2 3 16 0 2 "Action"
"494" 241.67 "Fox" 1990 "Action Thriller" "R" 2507 7.1 124 "ss" 0 0 1 NA NA 1.68 241.67 143.97 NA 3 12 21 37 2 5 "Action"
"495" 231.36 "Par." 1988 "Adventure Comedy" "PG" NA 5.5 110 "ss" 0 0 0 NA NA NA 231.36 NA NA 0 3 3 16 0 1 "Adventure"
"496" 96.63 "BV" 2013 "Animation" "PG" 3716 5.8 92 "ss" 0 0 0 NA NA 1.81 96.63 53.51 23.76 0 2 3 4 6 8 "Animation"
"497" 203.38 "WB" 1997 "AA" "PG-13" 2942 3.7 125 "ss" 2 1 0 NA NA 0.86 203.38 236.93 NA 9 8 23 31 87 193 "AA"
"498" 182.5 "SonR" 2006 "Fantasy Comedy" "PG-13" 3764 6.4 97 "ss" 0 0 0 NA NA 1.67 182.5 109.58 NA NA NA 50 68 5 21 "Fantasy"
"499" 47.19 "Fox" 2010 "Adventure Comedy" "PG" 3089 4.9 85 "hs" 0 0 0 NA NA 0.38 47.19 123.5 6.95 0 2 8 43 7 27 "Adventure"
"500" 163.99 "BV" 2000 "Action" "PG-13" 3089 6.5 117 "ss" 0 0 0 NA NA 1.13 163.99 145.27 NA 3 1 40 60 4 21 "Action"
"501" 367.51 "Par." 1977 "Music Drama" "R" NA 6.8 118 "hs" 0 0 0 NA NA NA 367.51 NA NA 3 7 40 49 NA NA "Music"
"502" 144.38 "Wein." 2012 "Comedy" "R" NA 7.8 122 "ns" 0 0 0 228 81 6.29 144.38 22.95 NA 42 99 29 65 106 157 "Comedy"
"503" 183.52 "Uni." 2003 "Action" "PG-13" 3418 5.8 101 "ss" 0 0 0 NA NA 1.67 183.52 109.65 72.86 11 18 7 11 2 15 "Action"
"504" 120.82 "WB" 2001 "Sci-Fi" "PG-13" NA 7.1 145 "ss" 0 0 0 190 61 0.79 120.82 153.71 NA 175 168 25 28 7 15 "Sci-Fi"
"505" 210.16 "BV" 1989 "Drama" "PG" NA 8 128 "ss" 0 0 0 54 74 NA 210.16 NA NA 32 56 63 80 0 5 "Drama"
"506" 114.35 "Fox" 2015 "Comedy" "PG-13" NA 7.1 96 "hs" 0 0 0 40 68 NA 114.35 NA NA 7 10 16 50 NA NA "Comedy"
"507" 105.89 "Uni." 2015 "Comedy" "R" 3715 7 120 "ss" 0 0 0 123 49 1.58 105.89 67.08 30.03 2 9 4 15 2 4 "Comedy"
"508" 8.05 "BV" 1999 "Comedy" "R" NA 8.2 95 "ss" 0 0 0 172 76 0.43 8.05 18.84 NA 73 33 11 4 2 2 "Comedy"
"509" 77.36 "Uni." 2005 "Animation" "PG" NA 6.7 119 "ss" 0 0 0 NA NA NA 77.36 NA NA NA NA 4 15 5 16 "Animation"
"510" 178.7 "Sony" 2012 "Comedy" "R" 3203 6.4 113 "ns" 0 0 0 NA NA 3.27 178.7 54.65 NA 1 4 50 68 4 6 "Comedy"
"511" 253.46 "Par." 1999 "Comedy" "PG-13" 3254 5.8 93 "ss" 0 0 0 NA NA 4.33 253.46 58.57 NA 3 2 40 49 6 33 "Comedy"
"512" 96.21 "Fox" 2008 "Sci-Fi" "PG-13" 3560 5.5 110 "hs" 0 0 0 NA NA 0.99 96.21 96.94 36.96 1 1 11 20 15 25 "Sci-Fi"
"513" 112.45 "Sony" 2011 "Thriller" "R" 2950 2.6 160 "hs" 0 0 0 176 75 1.14 112.45 98.74 14.04 NA NA NA NA NA NA "Thriller"
"514" 148.64 "WB" 2012 "Drama / Thriller" "R" 3247 7.8 120 "ns" 0 0 0 86 83 3.06 148.64 48.64 NA 67 95 67 95 45 75 "Drama"
"515" 154.91 "Mira." 1996 "Romance" "R" NA 7.4 162 "ns" 0 0 0 76 73 2.91 154.91 53.14 NA 31 52 32 90 26 43 "Romance"
"516" 292.66 "BV" 1992 "Comedy" "PG" NA 6.2 100 "ss" 0 0 0 NA NA NA 292.66 NA NA 9 21 50 72 44 91 "Comedy"
"517" 150.92 "Uni." 2003 "Comedy" "R" NA 6.3 102 "ss" 0 0 0 NA NA 1.9 150.92 79.35 NA 1 2 4 15 5 8 "Comedy"
"518" 181.46 "FoxS" 2007 "Comedy / Drama" "PG-13" NA 7.5 91 "hs" 0 0 0 206 83 19.13 181.46 9.48 NA 63 64 42 58 7 23 "Comedy"
"519" 103.15 "WB" 2005 "Horror" "R" 3006 6.9 121 "ns" 0 0 0 NA NA 0.76 103.15 135.73 NA 3 5 11 20 15 30 "Horror"
"520" 157.88 "WB" 2008 "Action Comedy" "PG-13" 3915 6.5 110 "ss" 0 0 0 NA NA 1.63 157.88 96.94 46.89 0 1 32 115 65 95 "Action"
"521" 177.94 "WB" 1996 "Family Comedy" "PG" NA 6.3 88 "ns" 0 0 0 50 24 NA 177.94 NA NA 4 12 17 33 0 6 "Family"
"522" 170.79 "Fox" 2013 "Comedy" "R" 3184 6.6 117 "ss" 0 0 0 NA NA 3.71 170.79 46.01 41.84 7 10 72 102 19 61 "Comedy"
"523" 42.11 "Uni." 2007 "Comedy" "G" NA 6.3 90 "ss" 0 0 0 NA NA NA 42.11 NA NA 0 3 7 14 2 3 "Comedy"
"524" 106.85 "Mira." 1998 "Foreign" "PG-13" NA 8.6 116 "ns" 0 0 0 86 69 NA 106.85 NA NA 52 37 52 37 2 6 "Foreign"
"525" 146.43 "Sony" 2007 "Action Horror" "PG-13" 3620 5.2 110 "ns" 0 0 0 NA NA 1.05 146.43 139.1 57.41 NA NA NA NA NA NA "Action"
"526" 322.8 "WB" 1989 "Action Comedy" "R" 1830 7.2 113 "ss" 0 0 1 NA NA NA 322.8 NA NA 9 7 32 30 22 41 "Action"
"527" 108.39 "Sony" 2011 "AA" "PG-13" 3584 5.9 108 "ns" 0 0 0 NA NA 0.82 108.39 131.65 NA 26 30 11 26 5 13 "AA"
"528" 266.25 "TriS" 1993 "Romantic Comedy" "PG" 1657 6.8 105 "ss" 0 0 0 46 60 6.03 266.25 44.13 NA 7 18 76 115 2 3 "Romantic"
"529" 97.01 "Wein." 2014 "Drama" "PG-13" NA 8.1 114 "hs" 0 0 0 235 79 NA 97.01 NA NA 32 18 30 81 26 87 "Drama"
"530" 91.61 "Rela." 2011 "Fantasy Drama" "R" 3120 6.1 110 "ns" 0 0 0 NA NA 1.11 91.61 82.28 35.33 4 3 1 5 38 33 "Fantasy"
"531" 168.2 "Fox" 2009 "Action" "PG-13" 3184 7.9 93 "ns" 0 0 0 58 80 5.8 168.2 29 28.65 NA NA 15 35 1 5 "Action"
"532" 97.92 "Fox" 2010 "Fantasy" "PG" 3396 5.9 120 "ns" 0 0 1 NA NA 0.93 97.92 104.75 34.4 6 18 7 21 1 3 "Fantasy"
"533" 59.61 "Par." 2013 "Action Comedy" "R" 3375 6.1 88 "ns" 0 0 1 NA NA 1.11 59.61 53.51 21.08 5 2 30 53 1 7 "Action"
"534" 262.33 "Mira." 1997 "Drama" "R" NA 8.3 126 "hs" 0 0 0 70 86 NA 262.33 NA NA 36 55 34 122 63 80 "Drama"
"535" 106.96 "Sony" 2010 "Comedy / Drama" "PG-13" 2921 7.7 120 "ns" 0 0 0 288 85 2.42 106.96 44.11 24.7 57 101 20 54 23 62 "Comedy"
"536" 172.39 "DW" 2000 "Animation" "G" 2953 7 84 "ss" 0 0 0 170 86 2.37 172.39 72.63 NA 15 22 NA NA NA NA "Animation"
"537" 191.63 "BV" 1997 "Action" "PG" NA 6.8 115 "ss" 0 0 0 63 42 NA 191.63 NA NA 4 9 7 8 0 5 "Action"
"538" 219.17 "WB" 1994 "Period Horror" "R" 2941 7.6 123 "ns" 0 0 0 51 49 1.4 219.17 156.1 50.16 39 47 64 136 8 10 "Period"
"539" 121.75 "BV" 2005 "Thriller" "R" NA 6.2 93 "ns" 0 0 0 NA NA 1.5 121.75 81.44 NA 3 3 54 43 14 33 "Thriller"
"540" 118.38 "WB" 2008 "Comedy" "PG-13" 3424 6.8 104 "hs" 0 0 0 NA NA NA 118.38 NA 29.81 2 3 45 88 6 32 "Comedy"
"541" 98.18 "Uni." 2014 "Thriller" "PG-13" 3434 7 110 "ns" 0 0 0 NA NA 1.32 98.18 74.54 19.49 0 1 15 35 107 148 "Thriller"
"542" 286.42 "BV" 1989 "Family Adventure" "PG-13" 3183 6.3 101 "ss" 0 0 0 NA NA 2.61 286.42 109.57 NA 2 6 3 4 2 4 "Family"
"543" 167 "Lions" 2004 "Documentary" "PG" NA 7.5 116 "ss" 0 0 0 229 72 NA 167 NA NA 45 28 67 95 10 15 "Documentary"
"544" 97.18 "Fox" 2008 "Fantasy" "R" NA 6.1 90 "ns" 0 0 0 NA NA 13.37 97.18 7.27 NA 2 6 9 19 17 19 "Fantasy"
"545" 194.89 "WB" 1999 "Western Comedy" "PG-13" 3430 4.8 107 "ss" 0 0 0 NA NA 1.34 194.89 145.57 46.93 7 7 56 106 8 30 "Western"
"546" 177.5 "WB" 1990 "Thriller" "PG-13" 3342 6.9 127 "ss" 0 0 0 49 75 0.51 177.5 349.65 NA 11 11 32 36 5 14 "Thriller"
"547" 158.71 "Dim." 2003 "Horror Comedy" "R" NA 5.4 90 "ns" 0 0 1 NA NA NA 158.71 NA NA 0 11 2 5 3 8 "Horror"
"548" 250.18 "NL" 2003 "Comedy" "PG-13" 3505 6.9 95 "ns" 0 0 0 82 73 3.61 250.18 69.25 69.4 3 8 9 61 6 18 "Comedy"
"549" 127.92 "WB" 2011 "AA" "PG" 3381 5.6 105 "ss" 1 1 0 NA NA 3.53 127.92 36.2 34.12 2 10 8 32 7 16 "AA"
"550" 109.14 "DW" 2004 "Comedy / Drama" "PG-13" 3816 7.3 128 "ss" 0 0 0 NA NA 0.39 109.14 280.19 74.53 175 168 76 115 18 32 "Comedy"
"551" 97.3 "Fox" 2008 "Comedy" "PG-13" 2914 6.1 99 "ns" 0 0 0 NA NA 1.34 97.3 72.7 NA 1 2 28 82 18 40 "Comedy"
"552" 130.73 "Uni." 2009 "Romantic Comedy" "PG-13" 3255 6.6 118 "hs" 0 0 0 NA NA 3.22 130.73 40.6 23.43 6 5 163 321 22 39 "Romantic"
"553" 188.16 "Uni." 2007 "Romantic Comedy" "R" 2955 7 129 "ss" 0 0 0 238 79 1.75 188.16 107.49 27.95 15 28 11 26 9 28 "Romantic"
"554" 114.61 "Sony" 2013 "Drama" "R" NA 7.9 134 "ns" 0 0 0 239 82 3.57 114.61 32.1 NA 34 62 76 115 16 52 "Drama"
"555" 188.1 "DW" 1998 "Animation" "PG-13" 3143 7 99 "hs" 0 0 0 85 67 1.84 188.1 102.03 47.67 3 7 5 13 32 90 "Animation"
"556" 87.55 "Par." 2012 "Crime Drama" "PG" NA 7 130 "hs" 0 0 0 NA NA 1.14 87.55 76.51 NA 8 3 39 76 28 50 "Crime"
"557" 141.5 "DW" 2004 "Crime" "PG-13" 3352 7.6 125 "ss" 0 0 0 228 75 1.68 141.5 84.06 21.29 15 36 39 76 45 74 "Crime"
"558" 59.95 "Uni." 2014 "Action Horror" "R" 3205 6.3 92 "ns" 0 0 0 NA NA 0.87 59.95 69.22 26.3 0 1 0 3 2 4 "Action"
"559" 140.8 "WB" 2004 "Sports Drama" "PG-13" 2900 8.1 137 "hs" 0 0 0 253 80 1.44 140.8 98.07 NA 143 148 143 148 55 41 "Sports"
"560" 84.11 "Uni." 2015 "Comedy" "PG-13" NA 6.4 115 "ss" 0 0 1 NA NA 2.72 84.11 30.96 NA 15 46 20 60 15 46 "Comedy"
"561" 186.18 "BV" 2011 "Drama" "R" 3448 8.1 137 "ss" 0 0 0 NA NA 2.5 186.18 74.6 NA 11 16 36 76 44 69 "Drama"
"562" 236.87 "Uni." 1988 "Comedy" "PG-13" NA 6 105 "hs" 0 0 0 142 76 4.48 236.87 52.92 NA 8 11 23 31 11 39 "Comedy"
"563" 121.84 "WB (NL)" 2010 "Romantic Comedy" "PG" 1659 5.8 117 "ns" 0 0 0 NA NA 7.37 121.84 16.54 NA 13 14 14 37 31 83 "Romantic"
"564" 110.04 "Sony" 2011 "Comedy" "PG-13" 3665 5.7 89 "ss" 0 0 0 NA NA 1.93 110.04 57.05 61.77 1 5 28 82 3 6 "Comedy"
"565" 254.34 "Par." 1994 "Action Thriller" "R" NA 6.9 141 "ss" 0 0 0 NA NA 6.11 254.34 41.63 NA 23 10 32 36 28 36 "Action"
"566" 1827 "Dis." 1961 "Animation" "PG-13" NA 7.2 79 "ns" 0 0 0 NA NA 2.34 1827 781.74 NA 3 6 4 3 0 1 "Animation"
"567" 172.95 "Col." 1992 "Period Horror" "G" NA 7.5 127 "ns" 0 0 0 48 67 NA 172.95 NA NA 49 47 24 44 17 37 "Period"
"568" 71.42 "Sony" 2015 "Family Comedy" "R" NA 5.9 86 "hs" 0 0 0 NA NA 1.73 71.42 41.28 NA 2 10 4 5 3 4 "Family"
"569" 136.55 "Fox" 2000 "Action" "PG-13" NA 4.2 124 "hs" 0 0 1 NA NA 1.13 136.55 121.06 NA 0 1 2 22 2 7 "Action"
"570" 246.54 "Col." 1989 "Horror Comedy" "PG" 2410 6.5 102 "ss" 0 0 0 NA NA NA 246.54 NA NA 8 11 49 63 3 14 "Horror"
"571" 182.88 "Sony" 2000 "War" "R" 3061 7.1 164 "ss" 0 0 0 134 49 1.03 182.88 177.55 NA 13 14 32 30 74 53 "War"
"572" 69.69 "BV" 2010 "Fantasy" "PG" 3504 6.1 111 "ss" 0 0 0 NA NA 0.42 69.69 165.4 19.41 0 2 40 60 5 10 "Fantasy"
"573" 113 "Sony" 2011 "Romantic Comedy" "PG-13" 3548 6.4 110 "ns" 0 0 0 NA NA 1.29 113 87.77 33.46 1 4 50 68 33 73 "Romantic"
"574" 112.64 "Uni." 2009 "Crime Drama" "R" 3336 7 143 "ss" 0 0 0 NA NA 0.97 112.64 116 29.35 15 36 15 31 1 0 "Crime"
"575" 182.24 "Uni." 2002 "Action Thriller" "PG-13" 2663 7.9 118 "ss" 0 0 0 185 72 2.03 182.24 89.85 NA 2 6 34 122 8 7 "Action"
"576" 172.75 "WB" 1994 "Drama / Thriller" "R" NA 6 129 "hs" 0 0 0 58 47 1.51 172.75 114.47 NA 29 37 58 36 12 28 "Drama"
"577" 142.4 "Vest" 1987 "Romance" "PG-13" NA 6.9 105 "ss" 0 0 0 NA NA 10.67 142.4 13.35 NA 9 21 0 3 5 7 "Romance"
"578" 224.58 "Mira." 1994 "Crime" "R" NA 8.9 154 "ns" 0 0 0 77 83 13.49 224.58 16.65 NA 120 163 16 19 NA NA "Crime"
"579" 143.74 "Mira." 2004 "Period Drama" "PG-13" NA 7.5 168 "hs" 0 0 0 213 76 0.93 143.74 154.11 NA 135 185 85 195 144 177 "Period"
"580" 206.77 "SPC" 2000 "Foreign / Action" "PG-13" NA 7.9 120 "hs" 0 0 0 151 86 7.54 206.77 27.44 NA 96 90 9 26 6 18 "Foreign"
"581" 136.3 "BV" 2014 "Musical" "PG" 2833 6 124 "hs" 0 0 0 NA NA 2.56 136.3 53.24 33.12 14 21 13 57 4 17 "Musical"
"582" 133.41 "BV" 2008 "Family Adventure" "PG" 3684 6.1 95 "hs" 0 0 0 NA NA 1.38 133.41 96.94 33.32 1 3 50 68 5 19 "Family"
"583" 172.39 "WB" 2000 "Action Comedy" "PG-13" NA 6.1 109 "hs" 0 0 0 NA NA 2.37 172.39 72.63 NA 1 3 72 102 37 60 "Action"
"584" 150.19 "Fox" 1999 "Romantic Thriller" "PG-13" NA 6.2 113 "ns" 0 0 0 NA NA 1.33 150.19 113.03 NA 5 1 37 27 18 32 "Romantic"
"585" 216.8 "WB" 1995 "Comedy" "PG-13" NA 6.3 94 "ns" 0 0 1 NA NA NA 216.8 NA NA 1 3 45 88 NA NA "Comedy"
"586" 135.48 "Fox" 2003 "War" "PG-13" 3101 7.4 138 "ns" 0 0 1 210 74 0.63 135.48 216.42 36.21 32 56 36 66 6 18 "War"
"587" 114.57 "Uni." 1999 "Action Horror" "R" NA 5.7 121 "hs" 0 0 0 NA NA 0.67 114.57 171.26 NA 1 7 23 31 6 16 "Action"
"588" 91.72 "Sony" 2011 "Sci-Fi Action" "PG-13" 3417 5.8 116 "ns" 0 0 1 NA NA 1.19 91.72 76.8 NA 2 2 7 18 0 2 "Sci-Fi"
"589" 91.37 "Sony" 2014 "War" "R" 3313 NA 134 "ns" 0 0 0 343 86 1.26 91.37 72.41 25.24 NA NA NA NA NA NA "War"
"590" 110.82 "WB" 2010 "Comedy" "R" 3365 6.6 95 "ns" 0 0 0 NA NA 1.55 110.82 71.67 36.06 5 4 33 91 18 26 "Comedy"
"591" 64.33 "Fox" 2005 "Historical Epic" "R" 3219 7.2 145 "ns" 0 0 0 NA NA 0.36 64.33 176.44 26.6 31 87 NA NA NA NA "Historical"
"592" 244.35 "BV" 1989 "Animation" "G" NA 7.6 83 "ns" 0 0 0 66 81 NA 244.35 NA NA 7 8 3 9 0 3 "Animation"
"593" 60.1 "Fox" 2008 "Period Adventure" "PG-13" 2721 6.6 165 "hs" 0 0 0 NA NA 0.38 60.1 157.52 17.93 33 49 1 3 NA NA "Period"
"594" 134.1 "TriS" 2009 "Sci-Fi" "R" 3180 8 113 "ss" 0 0 0 291 79 3.85 134.1 34.8 43.38 11 32 0 11 NA NA "Sci-Fi"
"595" 151.2 "Par." 1995 "Historical Epic" "R" 2037 8.4 177 "ss" 0 0 0 65 66 1.05 151.2 144 19.8 32 30 NA NA NA NA "Historical"
"596" 243.67 "MGM" 1979 "Action" "PG" NA 6.3 126 "ss" 0 0 0 NA NA NA 243.67 NA NA 8 17 NA NA NA NA "Action"
"597" 148.33 "Mira." 2001 "Period Horror" "PG-13" NA 7.6 101 "ss" 0 0 0 148 72 5.68 148.33 26.13 NA 53 36 65 148 7 11 "Period"
"598" 128.91 "WB (NL)" 2011 "Comedy" "R" 3134 6.9 100 "ss" 0 0 0 NA NA 3.36 128.91 38.4 31.05 NA NA NA NA NA NA "Comedy"
"599" 139.41 "Uni." 2002 "Thriller" "R" 3363 7.2 126 "ns" 0 0 0 NA NA 1.19 139.41 116.8 NA 3 4 47 54 46 79 "Thriller"
"600" 166.15 "Par." 2004 "Family Adventure" "PG" 3623 6.8 113 "hs" 0 0 0 NA NA 0.85 166.15 196.14 42.17 0 4 45 88 1 4 "Family"
"601" 96.39 "BV" 2015 "Sci-Fi" "PG" 3972 6.5 130 "ss" 0 0 0 NA NA 0.49 96.39 196.09 34.06 30 25 87 193 18 42 "Sci-Fi"
"602" 138.15 "Uni." 2012 "Action Thriller" "R" 3121 6.8 117 "ns" 0 0 0 NA NA 1.49 138.15 92.9 NA 3 3 68 103 8 32 "Action"
"603" 168.66 "Sony" 2003 "Action Thriller" "PG-13" 3220 6 111 "ss" 0 0 0 NA NA 1.46 168.66 115.42 53.53 0 10 31 76 12 37 "Action"
"604" 200.31 "USA" 2000 "Crime Drama" "R" NA 7.6 147 "hs" 0 0 0 155 81 NA 200.31 NA NA 29 74 45 66 4 7 "Crime"
"605" 222.11 "Uni." 2001 "Action" "PG-13" 2899 6.7 106 "ss" 0 0 0 NA NA 3.8 222.11 58.41 NA 3 1 7 11 7 26 "Action"
"606" 114.1 "Par." 2011 "Horror" "R" 3329 5.8 81 "ns" 0 0 1 NA NA 20.8 114.1 5.49 57.71 1 3 NA NA NA NA "Horror"
"607" 162.65 "TriS" 1993 "Drama" "PG-13" NA 7.7 125 "hs" 0 0 0 50 66 2.98 162.65 54.64 NA 26 28 76 115 68 103 "Drama"
"608" 41.85 "LGF" 2014 "Action" "PG-13" 3221 6.1 103 "ss" 0 0 1 NA NA NA 41.85 NA 16.93 1 3 55 58 1 2 "Action"
"609" 173.14 "Par." 1999 "Period Horror" "R" 3069 7.4 105 "ns" 0 0 0 126 55 1.01 173.14 171.26 NA 20 58 65 115 18 33 "Period"
"610" 1028.05 "Dis." 1967 "Animation" "G" NA 7.6 78 "ns" 0 0 0 NA NA NA 1028.05 NA NA 5 1 0 3 2 4 "Animation"
"611" 145.48 "WB" 1991 "Drama / Thriller" "R" 1395 8 206 "hs" 0 0 0 60 74 NA 145.48 NA NA 51 49 10 5 NA NA "Drama"
"612" 78.23 "Sony" 2013 "Action Drama" "PG-13" 3222 6.4 137 "ss" 0 0 0 NA NA 0.49 78.23 160.52 26.65 13 14 19 53 45 74 "Action"
"613" 103.12 "Sony" 2009 "Romantic Comedy" "R" 2975 6.5 96 "ss" 0 0 0 NA NA 2.34 103.12 44.08 32.02 4 0 9 28 2 12 "Romantic"
"614" 83.95 "Sony" 2006 "Romantic Comedy" "PG-13" 2698 6.9 136 "hs" 0 0 0 46 51 0.74 83.95 112.9 17 6 5 28 82 80 144 "Romantic"
"615" 157.66 "Uni." 2006 "Romantic Comedy" "PG-13" 3146 5.8 106 "ss" 0 0 0 NA NA 2.28 157.66 69.07 52.07 2 3 7 12 33 73 "Romantic"
"616" 88.87 "Sony" 2010 "Drama" "PG-13" 3108 5.7 133 "ss" 0 0 0 NA NA 1.34 88.87 66.16 25.47 12 43 51 86 NA NA "Drama"
"617" 72.71 "BV" 2004 "Period Adventure" "PG-13" 3086 6.3 130 "ss" 0 0 0 NA NA 0.43 72.71 168.12 21.29 3 5 19 33 2 4 "Period"
"618" 44.89 "Uni." 2015 "Thriller" "PG-13" NA NA 121 "ns" 0 0 0 NA NA 0.79 44.89 56.76 NA NA NA NA NA NA NA "Thriller"
"619" 154.63 "Par." 2001 "Thriller" "R" 2842 6.9 135 "hs" 0 0 0 NA NA 1.48 154.63 104.52 NA 20 42 39 76 49 92 "Thriller"
"620" 46.43 "BV" 2014 "Action" "PG-13" 3115 6.5 130 "ns" 0 0 0 NA NA 0.66 46.43 70.28 18.95 1 0 18 14 1 9 "Action"
"621" 150.35 "NL" 2007 "Musical" "PG" 3121 6.8 107 "ss" 0 0 0 211 80 NA 150.35 NA 34.77 1 3 40 49 23 36 "Musical"
"622" 250.43 "Uni." 1998 "Comedy / Drama" "PG-13" 2909 6.7 115 "hs" 0 0 0 NA NA 1.5 250.43 166.95 NA 1 0 63 80 NA NA "Comedy"
"623" 149.71 "Sony" 2005 "Crime Comedy" "PG-13" 3239 6.1 90 "hs" 0 0 0 NA NA 1.1 149.71 135.73 19.54 7 5 45 88 NA NA "Crime"
"624" 278.28 "NL" 1990 "Family Adventure" "PG" NA 5.9 93 "ns" 0 0 0 50 29 10.02 278.28 27.77 NA 2 2 6 18 5 20 "Family"
"625" 188.19 "Uni." 1990 "Comedy" "PG-13" 1937 6 111 "hs" 0 0 0 NA NA 6.1 188.19 30.85 NA 8 11 23 31 2 6 "Comedy"
"626" 17.52 "BV" 2009 "Animation" "G" NA 7.7 100 "ss" 0 0 0 159 81 NA 17.52 NA NA 73 33 1 1 2 0 "Animation"
"627" 166.36 "Uni." 2015 "Drama" "R" NA 8 147 "ss" 0 0 0 200 77 5.76 166.36 28.9 NA 7 7 4 3 2 3 "Drama"
"628" 151.27 "Sony" 2012 "Action Comedy" "R" 3148 7.2 109 "ns" 0 0 0 209 74 3.3 151.27 45.9 39.67 11 12 5 56 19 53 "Action"
"629" 110.49 "WB" 2010 "Family Comedy" "PG" 3515 4.6 82 "hs" 0 0 0 NA NA 1.25 110.49 88.21 18.08 1 11 3 14 31 69 "Family"
"630" 105.63 "Fox" 2004 "Family Comedy" "PG" 3150 4.9 85 "ss" 0 0 1 NA NA 1.51 105.63 70.05 30.4 2 0 4 6 9 25 "Family"
"631" 143.57 "WB" 2001 "Family Adventure" "PG" NA 5.2 87 "ss" 0 0 0 NA NA 1.56 143.57 92.23 NA 1 1 9 24 1 16 "Family"
"632" 250.92 "Par." 1990 "Action Thriller" "PG" NA 7.6 134 "ns" 0 0 0 66 75 4.07 250.92 61.7 NA 4 5 37 27 40 87 "Action"
"633" 100.69 "UA" 2008 "Thriller" "PG-13" 2838 7.1 120 "hs" 0 0 0 NA NA 1.11 100.69 90.88 25.45 14 20 39 76 29 60 "Thriller"
